  2.000000000000000E-003  2.000000000000000E-003  -1.93446926796674     
  2.000000000000000E-003  0.302332916666667       -1.89771542781690     
  2.000000000000000E-003  0.602665833333333       -1.58355690818753     
  2.000000000000000E-003  0.902998750000000       -1.19796190864612     
  2.000000000000000E-003   1.20333166666667      -0.896991762902676     
  2.000000000000000E-003   1.50366458333333      -0.684481811360313     
  2.000000000000000E-003   1.80399750000000      -0.537376118482687     
  2.000000000000000E-003   2.10433041666667      -0.436347204681306     
  2.000000000000000E-003   2.40466333333333      -0.366723289454099     
  2.000000000000000E-003   2.70499625000000      -0.318678377687747     
  2.000000000000000E-003   3.00532916666667      -0.283640640649153     
  2.000000000000000E-003   3.30566208333333      -0.250586271809170     
  2.000000000000000E-003   3.60599500000000      -0.220555822479662     
  2.000000000000000E-003   3.90632791666667      -0.196862752557449     
  2.000000000000000E-003   4.20666083333333      -0.176976030798565     
  2.000000000000000E-003   4.50699375000000      -0.160294228398245     
  2.000000000000000E-003   4.80732666666667      -0.144958536014293     
  2.000000000000000E-003   5.10765958333333      -0.130658815168012     
  2.000000000000000E-003   5.40799250000000      -0.117155642468768     
  2.000000000000000E-003   5.70832541666667      -0.103499106280368     
  2.000000000000000E-003   6.00865833333333      -8.960047497356211E-002
  2.000000000000000E-003   6.30899125000000      -7.601227238499667E-002
  2.000000000000000E-003   6.60932416666667      -6.419880868210753E-002
  2.000000000000000E-003   6.90965708333333      -5.724249793005634E-002
  2.000000000000000E-003   7.20999000000000      -5.621561964415252E-002
  0.302332916666667       2.000000000000000E-003  -1.89770373294353     
  0.302332916666667       0.302332916666667       -1.73610000766687     
  0.302332916666667       0.602665833333333       -1.44516303109406     
  0.302332916666667       0.902998750000000       -1.12397890725492     
  0.302332916666667        1.20333166666667      -0.859282564256287     
  0.302332916666667        1.50366458333333      -0.664482153708484     
  0.302332916666667        1.80399750000000      -0.526300660559544     
  0.302332916666667        2.10433041666667      -0.429893674999602     
  0.302332916666667        2.40466333333333      -0.362493743299059     
  0.302332916666667        2.70499625000000      -0.315094825471704     
  0.302332916666667        3.00532916666667      -0.280004120337192     
  0.302332916666667        3.30566208333333      -0.247562982153495     
  0.302332916666667        3.60599500000000      -0.216278414804305     
  0.302332916666667        3.90632791666667      -0.192989430660996     
  0.302332916666667        4.20666083333333      -0.174639100395353     
  0.302332916666667        4.50699375000000      -0.158766529567535     
  0.302332916666667        4.80732666666667      -0.143909173854579     
  0.302332916666667        5.10765958333333      -0.130077511082400     
  0.302332916666667        5.40799250000000      -0.116957826552288     
  0.302332916666667        5.70832541666667      -0.103789484377676     
  0.302332916666667        6.00865833333333      -9.074389825865083E-002
  0.302332916666667        6.30899125000000      -7.880757782757128E-002
  0.302332916666667        6.60932416666667      -7.000722598743377E-002
  0.302332916666667        6.90965708333333      -6.461853131605437E-002
  0.302332916666667        7.20999000000000      -5.476857990628616E-002
  0.602665833333333       2.000000000000000E-003  -1.58354263141414     
  0.602665833333333       0.302332916666667       -1.44515523808338     
  0.602665833333333       0.602665833333333       -1.20176499717899     
  0.602665833333333       0.902998750000000      -0.968613954396911     
  0.602665833333333        1.20333166666667      -0.769876802997311     
  0.602665833333333        1.50366458333333      -0.613709664074070     
  0.602665833333333        1.80399750000000      -0.496867229437226     
  0.602665833333333        2.10433041666667      -0.411999824148334     
  0.602665833333333        2.40466333333333      -0.350539125492554     
  0.602665833333333        2.70499625000000      -0.305320036916660     
  0.602665833333333        3.00532916666667      -0.270797851214685     
  0.602665833333333        3.30566208333333      -0.240133923365453     
  0.602665833333333        3.60599500000000      -0.211454347354731     
  0.602665833333333        3.90632791666667      -0.188253816382111     
  0.602665833333333        4.20666083333333      -0.170463375372245     
  0.602665833333333        4.50699375000000      -0.155435808554604     
  0.602665833333333        4.80732666666667      -0.141434300419970     
  0.602665833333333        5.10765958333333      -0.128567689891083     
  0.602665833333333        5.40799250000000      -0.116258762124583     
  0.602665833333333        5.70832541666667      -0.104167671803978     
  0.602665833333333        6.00865833333333      -9.271770111119808E-002
  0.602665833333333        6.30899125000000      -8.283773483153453E-002
  0.602665833333333        6.60932416666667      -7.506069336273265E-002
  0.602665833333333        6.90965708333333      -6.647384433945254E-002
  0.602665833333333        7.20999000000000      -5.627371269950835E-002
  0.902998750000000       2.000000000000000E-003  -1.19795409704680     
  0.902998750000000       0.302332916666667       -1.12397347650676     
  0.902998750000000       0.602665833333333      -0.968612290409091     
  0.902998750000000       0.902998750000000      -0.807959602932132     
  0.902998750000000        1.20333166666667      -0.666307208565002     
  0.902998750000000        1.50366458333333      -0.549173246421727     
  0.902998750000000        1.80399750000000      -0.456792938586658     
  0.902998750000000        2.10433041666667      -0.386380391899396     
  0.902998750000000        2.40466333333333      -0.332751447708135     
  0.902998750000000        2.70499625000000      -0.291569163969452     
  0.902998750000000        3.00532916666667      -0.259038367595288     
  0.902998750000000        3.30566208333333      -0.230894512224595     
  0.902998750000000        3.60599500000000      -0.205431222811219     
  0.902998750000000        3.90632791666667      -0.183780008222739     
  0.902998750000000        4.20666083333333      -0.166322872624607     
  0.902998750000000        4.50699375000000      -0.151658588013579     
  0.902998750000000        4.80732666666667      -0.138446777889360     
  0.902998750000000        5.10765958333333      -0.126338923291843     
  0.902998750000000        5.40799250000000      -0.114906769366264     
  0.902998750000000        5.70832541666667      -0.103872937496736     
  0.902998750000000        6.00865833333333      -9.363083453716105E-002
  0.902998750000000        6.30899125000000      -8.459458217678260E-002
  0.902998750000000        6.60932416666667      -7.641382902172812E-002
  0.902998750000000        6.90965708333333      -6.776312790296558E-002
  0.902998750000000        7.20999000000000      -5.989798396527521E-002
   1.20333166666667       2.000000000000000E-003 -0.896989345737093     
   1.20333166666667       0.302332916666667      -0.859280863278579     
   1.20333166666667       0.602665833333333      -0.769876311511983     
   1.20333166666667       0.902998750000000      -0.666307315282522     
   1.20333166666667        1.20333166666667      -0.568566810453182     
   1.20333166666667        1.50366458333333      -0.483577334159439     
   1.20333166666667        1.80399750000000      -0.413256102969533     
   1.20333166666667        2.10433041666667      -0.356771461372182     
   1.20333166666667        2.40466333333333      -0.311680309502893     
   1.20333166666667        2.70499625000000      -0.275676311706329     
   1.20333166666667        3.00532916666667      -0.246205852779877     
   1.20333166666667        3.30566208333333      -0.220875075795229     
   1.20333166666667        3.60599500000000      -0.198311410655046     
   1.20333166666667        3.90632791666667      -0.178646063572681     
   1.20333166666667        4.20666083333333      -0.162026154650242     
   1.20333166666667        4.50699375000000      -0.147766678648674     
   1.20333166666667        4.80732666666667      -0.135139235980394     
   1.20333166666667        5.10765958333333      -0.123626331748423     
   1.20333166666667        5.40799250000000      -0.112869899600211     
   1.20333166666667        5.70832541666667      -0.102653259326621     
   1.20333166666667        6.00865833333333      -9.318274693556916E-002
   1.20333166666667        6.30899125000000      -8.461669368637353E-002
   1.20333166666667        6.60932416666667      -7.668281195431552E-002
   1.20333166666667        6.90965708333333      -6.906089264748715E-002
   1.20333166666667        7.20999000000000      -6.247997624107864E-002
   1.50366458333333       2.000000000000000E-003 -0.684482682497504     
   1.50366458333333       0.302332916666667      -0.664483131788397     
   1.50366458333333       0.602665833333333      -0.613710686734446     
   1.50366458333333       0.902998750000000      -0.549174058921790     
   1.50366458333333        1.20333166666667      -0.483577741557050     
   1.50366458333333        1.50366458333333      -0.423290332370224     
   1.50366458333333        1.80399750000000      -0.370811094809424     
   1.50366458333333        2.10433041666667      -0.326384797454245     
   1.50366458333333        2.40466333333333      -0.289522060075002     
   1.50366458333333        2.70499625000000      -0.258971534320690     
   1.50366458333333        3.00532916666667      -0.233121397595611     
   1.50366458333333        3.30566208333333      -0.210545452119585     
   1.50366458333333        3.60599500000000      -0.190434539542163     
   1.50366458333333        3.90632791666667      -0.172615706438158     
   1.50366458333333        4.20666083333333      -0.157061443870161     
   1.50366458333333        4.50699375000000      -0.143499756641305     
   1.50366458333333        4.80732666666667      -0.131467467397429     
   1.50366458333333        5.10765958333333      -0.120500422762358     
   1.50366458333333        5.40799250000000      -0.110278383025355     
   1.50366458333333        5.70832541666667      -0.100681207640624     
   1.50366458333333        6.00865833333333      -9.178516386974200E-002
   1.50366458333333        6.30899125000000      -8.369802534267556E-002
   1.50366458333333        6.60932416666667      -7.631633328758655E-002
   1.50366458333333        6.90965708333333      -6.955585804186672E-002
   1.50366458333333        7.20999000000000      -6.365841903858586E-002
   1.80399750000000       2.000000000000000E-003 -0.537379133985380     
   1.80399750000000       0.302332916666667      -0.526303510542647     
   1.80399750000000       0.602665833333333      -0.496869543609658     
   1.80399750000000       0.902998750000000      -0.456794501098230     
   1.80399750000000        1.20333166666667      -0.413256914930381     
   1.80399750000000        1.50366458333333      -0.370811352342119     
   1.80399750000000        1.80399750000000      -0.331780212393738     
   1.80399750000000        2.10433041666667      -0.297391781862703     
   1.80399750000000        2.40466333333333      -0.267772454496064     
   1.80399750000000        2.70499625000000      -0.242280000506955     
   1.80399750000000        3.00532916666667      -0.219970221249304     
   1.80399750000000        3.30566208333333      -0.200030525027199     
   1.80399750000000        3.60599500000000      -0.182025957110227     
   1.80399750000000        3.90632791666667      -0.165857396259800     
   1.80399750000000        4.20666083333333      -0.151504585760996     
   1.80399750000000        4.50699375000000      -0.138802862703087     
   1.80399750000000        4.80732666666667      -0.127422682637566     
   1.80399750000000        5.10765958333333      -0.117001386632456     
   1.80399750000000        5.40799250000000      -0.107290481564562     
   1.80399750000000        5.70832541666667      -9.821530937547523E-002
   1.80399750000000        6.00865833333333      -8.982474589232832E-002
   1.80399750000000        6.30899125000000      -8.220854427569535E-002
   1.80399750000000        6.60932416666667      -7.535479411097731E-002
   1.80399750000000        6.90965708333333      -6.920254311704721E-002
   1.80399750000000        7.20999000000000      -6.377445215758551E-002
   2.10433041666667       2.000000000000000E-003 -0.436351994964308     
   2.10433041666667       0.302332916666667      -0.429898068559618     
   2.10433041666667       0.602665833333333      -0.412003210924841     
   2.10433041666667       0.902998750000000      -0.386382528008798     
   2.10433041666667        1.20333166666667      -0.356772523938499     
   2.10433041666667        1.50366458333333      -0.326385172059165     
   2.10433041666667        1.80399750000000      -0.297391851181090     
   2.10433041666667        2.10433041666667      -0.270919421919055     
   2.10433041666667        2.40466333333333      -0.247235618366520     
   2.10433041666667        2.70499625000000      -0.226052429164031     
   2.10433041666667        3.00532916666667      -0.206883639481896     
   2.10433041666667        3.30566208333333      -0.189341107673843     
   2.10433041666667        3.60599500000000      -0.173263431580109     
   2.10433041666667        3.90632791666667      -0.158654318918613     
   2.10433041666667        4.20666083333333      -0.145517354067124     
   2.10433041666667        4.50699375000000      -0.133728943958529     
   2.10433041666667        4.80732666666667      -0.123040216699333     
   2.10433041666667        5.10765958333333      -0.113184556991172     
   2.10433041666667        5.40799250000000      -0.103992719282723     
   2.10433041666667        5.70832541666667      -9.543073950319329E-002
   2.10433041666667        6.00865833333333      -8.754663692613254E-002
   2.10433041666667        6.30899125000000      -8.038438943065111E-002
   2.10433041666667        6.60932416666667      -7.394588723362477E-002
   2.10433041666667        6.90965708333333      -6.823027192280559E-002
   2.10433041666667        7.20999000000000      -6.319731019811138E-002
   2.40466333333333       2.000000000000000E-003 -0.366729932624369     
   2.40466333333333       0.302332916666667      -0.362499654478864     
   2.40466333333333       0.602665833333333      -0.350543404036438     
   2.40466333333333       0.902998750000000      -0.332754029077650     
   2.40466333333333        1.20333166666667      -0.311681583348619     
   2.40466333333333        1.50366458333333      -0.289522536443332     
   2.40466333333333        1.80399750000000      -0.267772573032981     
   2.40466333333333        2.10433041666667      -0.247235643459682     
   2.40466333333333        2.40466333333333      -0.228161382699212     
   2.40466333333333        2.70499625000000      -0.210465200399481     
   2.40466333333333        3.00532916666667      -0.193967507911740     
   2.40466333333333        3.30566208333333      -0.178564582487465     
   2.40466333333333        3.60599500000000      -0.164270896129823     
   2.40466333333333        3.90632791666667      -0.151150278558274     
   2.40466333333333        4.20666083333333      -0.139211678637551     
   2.40466333333333        4.50699375000000      -0.128351444721544     
   2.40466333333333        4.80732666666667      -0.118383050582096     
   2.40466333333333        5.10765958333333      -0.109126142546158     
   2.40466333333333        5.40799250000000      -0.100483887800636     
   2.40466333333333        5.70832541666667      -9.245331980194810E-002
   2.40466333333333        6.00865833333333      -8.506936241108079E-002
   2.40466333333333        6.30899125000000      -7.833851700892472E-002
   2.40466333333333        6.60932416666667      -7.224077617626565E-002
   2.40466333333333        6.90965708333333      -6.682951755823764E-002
   2.40466333333333        7.20999000000000      -6.222163413257800E-002
   2.70499625000000       2.000000000000000E-003 -0.318687377094382     
   2.70499625000000       0.302332916666667      -0.315102643277565     
   2.70499625000000       0.602665833333333      -0.305325336261161     
   2.70499625000000       0.902998750000000      -0.291572147859532     
   2.70499625000000        1.20333166666667      -0.275677797129760     
   2.70499625000000        1.50366458333333      -0.258972189654606     
   2.70499625000000        1.80399750000000      -0.242280278453387     
   2.70499625000000        2.10433041666667      -0.226052580706640     
   2.70499625000000        2.40466333333333      -0.210465297734197     
   2.70499625000000        2.70499625000000      -0.195548194238355     
   2.70499625000000        3.00532916666667      -0.181313431437142     
   2.70499625000000        3.30566208333333      -0.167825315731267     
   2.70499625000000        3.60599500000000      -0.155187495994640     
   2.70499625000000        3.90632791666667      -0.143479136688167     
   2.70499625000000        4.20666083333333      -0.132699573381932     
   2.70499625000000        4.50699375000000      -0.122760636785734     
   2.70499625000000        4.80732666666667      -0.113532683111592     
   2.70499625000000        5.10765958333333      -0.104912084144627     
   2.70499625000000        5.40799250000000      -9.686216678825674E-002
   2.70499625000000        5.70832541666667      -8.939884704293072E-002
   2.70499625000000        6.00865833333333      -8.252707928188975E-002
   2.70499625000000        6.30899125000000      -7.616519707037296E-002
   2.70499625000000        6.60932416666667      -7.030538394647119E-002
   2.70499625000000        6.90965708333333      -6.524346689125819E-002
   2.70499625000000        7.20999000000000      -6.116191498257936E-002
   3.00532916666667       2.000000000000000E-003 -0.283651591027409     
   3.00532916666667       0.302332916666667      -0.280013238393759     
   3.00532916666667       0.602665833333333      -0.270803531631369     
   3.00532916666667       0.902998750000000      -0.259041397974333     
   3.00532916666667        1.20333166666667      -0.246207483489118     
   3.00532916666667        1.50366458333333      -0.233122330007722     
   3.00532916666667        1.80399750000000      -0.219970813337335     
   3.00532916666667        2.10433041666667      -0.206884069274558     
   3.00532916666667        2.40466333333333      -0.193967822008025     
   3.00532916666667        2.70499625000000      -0.181313605133641     
   3.00532916666667        3.00532916666667      -0.169037381034069     
   3.00532916666667        3.30566208333333      -0.157281388214154     
   3.00532916666667        3.60599500000000      -0.146174722683651     
   3.00532916666667        3.90632791666667      -0.135785141680225     
   3.00532916666667        4.20666083333333      -0.126101076557737     
   3.00532916666667        4.50699375000000      -0.117055151569676     
   3.00532916666667        4.80732666666667      -0.108573071007520     
   3.00532916666667        5.10765958333333      -0.100616930508997     
   3.00532916666667        5.40799250000000      -9.319694263176866E-002
   3.00532916666667        5.70832541666667      -8.634258469371327E-002
   3.00532916666667        6.00865833333333      -8.003444248169023E-002
   3.00532916666667        6.30899125000000      -7.414635084885415E-002
   3.00532916666667        6.60932416666667      -6.867717065658333E-002
   3.00532916666667        6.90965708333333      -6.385249673013911E-002
   3.00532916666667        7.20999000000000      -6.024280891423318E-002
   3.30566208333333       2.000000000000000E-003 -0.250596497421974     
   3.30566208333333       0.302332916666667      -0.247571063498002     
   3.30566208333333       0.602665833333333      -0.240138587078519     
   3.30566208333333       0.902998750000000      -0.230897009096295     
   3.30566208333333        1.20333166666667      -0.220876721200744     
   3.30566208333333        1.50366458333333      -0.210546733124734     
   3.30566208333333        1.80399750000000      -0.200031546279958     
   3.30566208333333        2.10433041666667      -0.189341924690870     
   3.30566208333333        2.40466333333333      -0.178565195866523     
   3.30566208333333        2.70499625000000      -0.167825708978710     
   3.30566208333333        3.00532916666667      -0.157281566060151     
   3.30566208333333        3.30566208333333      -0.147093998579787     
   3.30566208333333        3.60599500000000      -0.137382584442858     
   3.30566208333333        3.90632791666667      -0.128196042871795     
   3.30566208333333        4.20666083333333      -0.119521358379288     
   3.30566208333333        4.50699375000000      -0.111320179994215     
   3.30566208333333        4.80732666666667      -0.103569706029980     
   3.30566208333333        5.10765958333333      -9.628383009984441E-002
   3.30566208333333        5.40799250000000      -8.950648699134377E-002
   3.30566208333333        5.70832541666667      -8.328519480233224E-002
   3.30566208333333        6.00865833333333      -7.763157568638834E-002
   3.30566208333333        6.30899125000000      -7.247041686574086E-002
   3.30566208333333        6.60932416666667      -6.758982726390293E-002
   3.30566208333333        6.90965708333333      -6.291692951919343E-002
   3.30566208333333        7.20999000000000      -5.945697090128317E-002
   3.60599500000000       2.000000000000000E-003 -0.220563058792468     
   3.60599500000000       0.302332916666667      -0.216284166686605     
   3.60599500000000       0.602665833333333      -0.211457576459752     
   3.60599500000000       0.902998750000000      -0.205433193749505     
   3.60599500000000        1.20333166666667      -0.198313136521575     
   3.60599500000000        1.50366458333333      -0.190436212020295     
   3.60599500000000        1.80399750000000      -0.182027428525850     
   3.60599500000000        2.10433041666667      -0.173264644582455     
   3.60599500000000        2.40466333333333      -0.164271809636982     
   3.60599500000000        2.70499625000000      -0.155188098579907     
   3.60599500000000        3.00532916666667      -0.146175049299125     
   3.60599500000000        3.30566208333333      -0.137382707557020     
   3.60599500000000        3.60599500000000      -0.128910096945979     
   3.60599500000000        3.90632791666667      -0.120793066792148     
   3.60599500000000        4.20666083333333      -0.113028474833416     
   3.60599500000000        4.50699375000000      -0.105610606616881     
   3.60599500000000        4.80732666666667      -9.855859253950278E-002
   3.60599500000000        5.10765958333333      -9.192040447907314E-002
   3.60599500000000        5.40799250000000      -8.575826888126419E-002
   3.60599500000000        5.70832541666667      -8.013676811831484E-002
   3.60599500000000        6.00865833333333      -7.513951840667094E-002
   3.60599500000000        6.30899125000000      -7.075700165042116E-002
   3.60599500000000        6.60932416666667      -6.670189242575894E-002
   3.60599500000000        6.90965708333333      -6.252512463368069E-002
   3.60599500000000        7.20999000000000      -5.887314547396376E-002
   3.90632791666667       2.000000000000000E-003 -0.196871033887978     
   3.90632791666667       0.302332916666667      -0.192995347643304     
   3.90632791666667       0.602665833333333      -0.188257032080940     
   3.90632791666667       0.902998750000000      -0.183782161668419     
   3.90632791666667        1.20333166666667      -0.178648130909553     
   3.90632791666667        1.50366458333333      -0.172617749247178     
   3.90632791666667        1.80399750000000      -0.165859219509560     
   3.90632791666667        2.10433041666667      -0.158655823476973     
   3.90632791666667        2.40466333333333      -0.151151407801916     
   3.90632791666667        2.70499625000000      -0.143479887127797     
   3.90632791666667        3.00532916666667      -0.135785568124293     
   3.90632791666667        3.30566208333333      -0.128196238793966     
   3.90632791666667        3.60599500000000      -0.120793129103345     
   3.90632791666667        3.90632791666667      -0.113609095696288     
   3.90632791666667        4.20666083333333      -0.106656202760168     
   3.90632791666667        4.50699375000000      -9.995639933947763E-002
   3.90632791666667        4.80732666666667      -9.355573593860599E-002
   3.90632791666667        5.10765958333333      -8.751685878522447E-002
   3.90632791666667        5.40799250000000      -8.190262495573754E-002
   3.90632791666667        5.70832541666667      -7.677516916907953E-002
   3.90632791666667        6.00865833333333      -7.223805295028207E-002
   3.90632791666667        6.30899125000000      -6.832226703878684E-002
   3.90632791666667        6.60932416666667      -6.468121870057467E-002
   3.90632791666667        6.90965708333333      -6.054989075757872E-002
   3.90632791666667        7.20999000000000      -5.540590510050369E-002
   4.20666083333333       2.000000000000000E-003 -0.176983203665959     
   4.20666083333333       0.302332916666667      -0.174644891510024     
   4.20666083333333       0.602665833333333      -0.170467119417112     
   4.20666083333333       0.902998750000000      -0.166325561596254     
   4.20666083333333        1.20333166666667      -0.162028593772513     
   4.20666083333333        1.50366458333333      -0.157063690537853     
   4.20666083333333        1.80399750000000      -0.151506550422415     
   4.20666083333333        2.10433041666667      -0.145518959250283     
   4.20666083333333        2.40466333333333      -0.139212879098589     
   4.20666083333333        2.70499625000000      -0.132700376813340     
   4.20666083333333        3.00532916666667      -0.126101545767538     
   4.20666083333333        3.30566208333333      -0.119521589976293     
   4.20666083333333        3.60599500000000      -0.113028566605947     
   4.20666083333333        3.90632791666667      -0.106656228163507     
   4.20666083333333        4.20666083333333      -0.100428888830629     
   4.20666083333333        4.50699375000000      -9.438448086796596E-002
   4.20666083333333        4.80732666666667      -8.857912546642989E-002
   4.20666083333333        5.10765958333333      -8.307399129449330E-002
   4.20666083333333        5.40799250000000      -7.791974004870386E-002
   4.20666083333333        5.70832541666667      -7.315688502683958E-002
   4.20666083333333        6.00865833333333      -6.883863613478423E-002
   4.20666083333333        6.30899125000000      -6.499141486038761E-002
   4.20666083333333        6.60932416666667      -6.125154761181970E-002
   4.20666083333333        6.90965708333333      -5.701244626578435E-002
   4.20666083333333        7.20999000000000      -5.216294038770108E-002
   4.50699375000000       2.000000000000000E-003 -0.160299671634540     
   4.50699375000000       0.302332916666667      -0.158771293210260     
   4.50699375000000       0.602665833333333      -0.155439410556523     
   4.50699375000000       0.902998750000000      -0.151661427659153     
   4.50699375000000        1.20333166666667      -0.147769135922085     
   4.50699375000000        1.50366458333333      -0.143501913439545     
   4.50699375000000        1.80399750000000      -0.138804703767160     
   4.50699375000000        2.10433041666667      -0.133730430049779     
   4.50699375000000        2.40466333333333      -0.128352553943940     
   4.50699375000000        2.70499625000000      -0.122761387500988     
   4.50699375000000        3.00532916666667      -0.117055603856297     
   4.50699375000000        3.30566208333333      -0.111320417844147     
   4.50699375000000        3.60599500000000      -0.105610713069614     
   4.50699375000000        3.90632791666667      -9.995643820436580E-002
   4.50699375000000        4.20666083333333      -9.438449107991778E-002
   4.50699375000000        4.50699375000000      -8.893543846106083E-002
   4.50699375000000        4.80732666666667      -8.366266060761143E-002
   4.50699375000000        5.10765958333333      -7.861813902159040E-002
   4.50699375000000        5.40799250000000      -7.383861538841199E-002
   4.50699375000000        5.70832541666667      -6.934428636538990E-002
   4.50699375000000        6.00865833333333      -6.514493113839689E-002
   4.50699375000000        6.30899125000000      -6.122256792729933E-002
   4.50699375000000        6.60932416666667      -5.739157707863825E-002
   4.50699375000000        6.90965708333333      -5.334131125963850E-002
   4.50699375000000        7.20999000000000      -4.915538915844662E-002
   4.80732666666667       2.000000000000000E-003 -0.144962229335152     
   4.80732666666667       0.302332916666667      -0.143912565161261     
   4.80732666666667       0.602665833333333      -0.141437172896632     
   4.80732666666667       0.902998750000000      -0.138449199427663     
   4.80732666666667        1.20333166666667      -0.135141313136386     
   4.80732666666667        1.50366458333333      -0.131469249727240     
   4.80732666666667        1.80399750000000      -0.127424173621606     
   4.80732666666667        2.10433041666667      -0.123041404522806     
   4.80732666666667        2.40466333333333      -0.118383934426922     
   4.80732666666667        2.70499625000000      -0.113533288232775     
   4.80732666666667        3.00532916666667      -0.108573448449150     
   4.80732666666667        3.30566208333333      -0.103569919386346     
   4.80732666666667        3.60599500000000      -9.855870142490432E-002
   4.80732666666667        3.90632791666667      -9.355578538187995E-002
   4.80732666666667        4.20666083333333      -8.857914422821152E-002
   4.80732666666667        4.50699375000000      -8.366266541899037E-002
   4.80732666666667        4.80732666666667      -7.885289691039001E-002
   4.80732666666667        5.10765958333333      -7.419466194298194E-002
   4.80732666666667        5.40799250000000      -6.971836081839040E-002
   4.80732666666667        5.70832541666667      -6.543776106916369E-002
   4.80732666666667        6.00865833333333      -6.135341017254765E-002
   4.80732666666667        6.30899125000000      -5.744621529213378E-002
   4.80732666666667        6.60932416666667      -5.365604746969064E-002
   4.80732666666667        6.90965708333333      -4.990519764168628E-002
   4.80732666666667        7.20999000000000      -4.627123879426567E-002
   5.10765958333333       2.000000000000000E-003 -0.130661024888051     
   5.10765958333333       0.302332916666667      -0.130079616069797     
   5.10765958333333       0.602665833333333      -0.128569595321685     
   5.10765958333333       0.902998750000000      -0.126340616897957     
   5.10765958333333        1.20333166666667      -0.123627808516660     
   5.10765958333333        1.50366458333333      -0.120501678163261     
   5.10765958333333        1.80399750000000      -0.117002416308930     
   5.10765958333333        2.10433041666667      -0.113185360425109     
   5.10765958333333        2.40466333333333      -0.109126730648210     
   5.10765958333333        2.70499625000000      -0.104912484479287     
   5.10765958333333        3.00532916666667      -0.100617184613143     
   5.10765958333333        3.30566208333333      -9.628398343717853E-002
   5.10765958333333        3.60599500000000      -9.192049518537170E-002
   5.10765958333333        3.90632791666667      -8.751691154378900E-002
   5.10765958333333        4.20666083333333      -8.307401891332641E-002
   5.10765958333333        4.50699375000000      -7.861814913155957E-002
   5.10765958333333        4.80732666666667      -7.419466250057928E-002
   5.10765958333333        5.10765958333333      -6.985021593323071E-002
   5.10765958333333        5.40799250000000      -6.561851089710176E-002
   5.10765958333333        5.70832541666667      -6.151749538798568E-002
   5.10765958333333        6.00865833333333      -5.755471995943262E-002
   5.10765958333333        6.30899125000000      -5.373330802253571E-002
   5.10765958333333        6.60932416666667      -5.005948037214509E-002
   5.10765958333333        6.90965708333333      -4.656937078390489E-002
   5.10765958333333        7.20999000000000      -4.332781768686413E-002
   5.40799250000000       2.000000000000000E-003 -0.117156927773747     
   5.40799250000000       0.302332916666667      -0.116959056194595     
   5.40799250000000       0.602665833333333      -0.116259920686567     
   5.40799250000000       0.902998750000000      -0.114907808227663     
   5.40799250000000        1.20333166666667      -0.112870779545347     
   5.40799250000000        1.50366458333333      -0.110279123998124     
   5.40799250000000        1.80399750000000      -0.107291073422910     
   5.40799250000000        2.10433041666667      -0.103993159075600     
   5.40799250000000        2.40466333333333      -0.100484186374349     
   5.40799250000000        2.70499625000000      -9.686234843859015E-002
   5.40799250000000        3.00532916666667      -9.319704166317215E-002
   5.40799250000000        3.30566208333333      -8.950654004481787E-002
   5.40799250000000        3.60599500000000      -8.575830530818716E-002
   5.40799250000000        3.90632791666667      -8.190265827786880E-002
   5.40799250000000        4.20666083333333      -7.791976734348950E-002
   5.40799250000000        4.50699375000000      -7.383862828572475E-002
   5.40799250000000        4.80732666666667      -6.971835836641313E-002
   5.40799250000000        5.10765958333333      -6.561850271467713E-002
   5.40799250000000        5.40799250000000      -6.158103464109696E-002
   5.40799250000000        5.70832541666667      -5.762829554444920E-002
   5.40799250000000        6.00865833333333      -5.377112460325384E-002
   5.40799250000000        6.30899125000000      -5.002676718976882E-002
   5.40799250000000        6.60932416666667      -4.644491975601760E-002
   5.40799250000000        6.90965708333333      -4.310697362383777E-002
   5.40799250000000        7.20999000000000      -4.011096858803789E-002
   5.70832541666667       2.000000000000000E-003 -0.103500089338362     
   5.70832541666667       0.302332916666667      -0.103790410700309     
   5.70832541666667       0.602665833333333      -0.104168547813660     
   5.70832541666667       0.902998750000000      -0.103873707087371     
   5.70832541666667        1.20333166666667      -0.102653839669804     
   5.70832541666667        1.50366458333333      -0.100681585801550     
   5.70832541666667        1.80399750000000      -9.821558010033284E-002
   5.70832541666667        2.10433041666667      -9.543091591099734E-002
   5.70832541666667        2.40466333333333      -9.245339853998739E-002
   5.70832541666667        2.70499625000000      -8.939883857143925E-002
   5.70832541666667        3.00532916666667      -8.634251299830331E-002
   5.70832541666667        3.30566208333333      -8.328509649861793E-002
   5.70832541666667        3.60599500000000      -8.013668729382373E-002
   5.70832541666667        3.90632791666667      -7.677513325951729E-002
   5.70832541666667        4.20666083333333      -7.315688271817761E-002
   5.70832541666667        4.50699375000000      -6.934428616165474E-002
   5.70832541666667        4.80732666666667      -6.543774502792307E-002
   5.70832541666667        5.10765958333333      -6.151746935790070E-002
   5.70832541666667        5.40799250000000      -5.762827723502497E-002
   5.70832541666667        5.70832541666667      -5.378435156157392E-002
   5.70832541666667        6.00865833333333      -4.997539506816916E-002
   5.70832541666667        6.30899125000000      -4.621980853258337E-002
   5.70832541666667        6.60932416666667      -4.258822694234322E-002
   5.70832541666667        6.90965708333333      -3.923484780354001E-002
   5.70832541666667        7.20999000000000      -3.637080558512716E-002
   6.00865833333333       2.000000000000000E-003 -8.960176118340468E-002
   6.00865833333333       0.302332916666667      -9.074507502970411E-002
   6.00865833333333       0.602665833333333      -9.271871860373442E-002
   6.00865833333333       0.902998750000000      -9.363163539582026E-002
   6.00865833333333        1.20333166666667      -9.318327461021791E-002
   6.00865833333333        1.50366458333333      -9.178541830855998E-002
   6.00865833333333        1.80399750000000      -8.982483927960400E-002
   6.00865833333333        2.10433041666667      -8.754668022142269E-002
   6.00865833333333        2.40466333333333      -8.506932568052951E-002
   6.00865833333333        2.70499625000000      -8.252693926781661E-002
   6.00865833333333        3.00532916666667      -8.003419227430934E-002
   6.00865833333333        3.30566208333333      -7.763124260788055E-002
   6.00865833333333        3.60599500000000      -7.513920629035103E-002
   6.00865833333333        3.90632791666667      -7.223786599683354E-002
   6.00865833333333        4.20666083333333      -6.883856053360546E-002
   6.00865833333333        4.50699375000000      -6.514488655296018E-002
   6.00865833333333        4.80732666666667      -6.135335580901711E-002
   6.00865833333333        5.10765958333333      -5.755466127855551E-002
   6.00865833333333        5.40799250000000      -5.377108270026416E-002
   6.00865833333333        5.70832541666667      -4.997536376552775E-002
   6.00865833333333        6.00865833333333      -4.611927396250948E-002
   6.00865833333333        6.30899125000000      -4.219453678923418E-002
   6.00865833333333        6.60932416666667      -3.827193502439841E-002
   6.00865833333333        6.90965708333333      -3.460997293414390E-002
   6.00865833333333        7.20999000000000      -3.171419721669104E-002
   6.30899125000000       2.000000000000000E-003 -7.601443776972994E-002
   6.30899125000000       0.302332916666667      -7.880949951162006E-002
   6.30899125000000       0.602665833333333      -8.283915420144911E-002
   6.30899125000000       0.902998750000000      -8.459551603555700E-002
   6.30899125000000        1.20333166666667      -8.461722917191815E-002
   6.30899125000000        1.50366458333333      -8.369824612011870E-002
   6.30899125000000        1.80399750000000      -8.220859781173581E-002
   6.30899125000000        2.10433041666667      -8.038441974582700E-002
   6.30899125000000        2.40466333333333      -7.833847867129294E-002
   6.30899125000000        2.70499625000000      -7.616501153771617E-002
   6.30899125000000        3.00532916666667      -7.414592512240664E-002
   6.30899125000000        3.30566208333333      -7.246986583477745E-002
   6.30899125000000        3.60599500000000      -7.075652551714774E-002
   6.30899125000000        3.90632791666667      -6.832194455064533E-002
   6.30899125000000        4.20666083333333      -6.499123095483748E-002
   6.30899125000000        4.50699375000000      -6.122245358804871E-002
   6.30899125000000        4.80732666666667      -5.744608198490369E-002
   6.30899125000000        5.10765958333333      -5.373319247066461E-002
   6.30899125000000        5.40799250000000      -5.002667511896694E-002
   6.30899125000000        5.70832541666667      -4.621972658018080E-002
   6.30899125000000        6.00865833333333      -4.219448956610018E-002
   6.30899125000000        6.30899125000000      -3.789220687500455E-002
   6.30899125000000        6.60932416666667      -3.335374187968886E-002
   6.30899125000000        6.90965708333333      -2.891472965797914E-002
   6.30899125000000        7.20999000000000      -2.567144579606483E-002
   6.60932416666667       2.000000000000000E-003 -6.420231388565609E-002
   6.60932416666667       0.302332916666667      -7.001015371970509E-002
   6.60932416666667       0.602665833333333      -7.506240173436368E-002
   6.60932416666667       0.902998750000000      -7.641474162991256E-002
   6.60932416666667        1.20333166666667      -7.668328876414331E-002
   6.60932416666667        1.50366458333333      -7.631652853081906E-002
   6.60932416666667        1.80399750000000      -7.535487682947700E-002
   6.60932416666667        2.10433041666667      -7.394600635250304E-002
   6.60932416666667        2.40466333333333      -7.224084751730583E-002
   6.60932416666667        2.70499625000000      -7.030523080316224E-002
   6.60932416666667        3.00532916666667      -6.867674150636952E-002
   6.60932416666667        3.30566208333333      -6.758932984929210E-002
   6.60932416666667        3.60599500000000      -6.670153725854357E-002
   6.60932416666667        3.90632791666667      -6.468100941352466E-002
   6.60932416666667        4.20666083333333      -6.125128474695213E-002
   6.60932416666667        4.50699375000000      -5.739129261293315E-002
   6.60932416666667        4.80732666666667      -5.365577248961809E-002
   6.60932416666667        5.10765958333333      -5.005927015696923E-002
   6.60932416666667        5.40799250000000      -4.644475285767839E-002
   6.60932416666667        5.70832541666667      -4.258808916825887E-002
   6.60932416666667        6.00865833333333      -3.827183801184331E-002
   6.60932416666667        6.30899125000000      -3.335368922382347E-002
   6.60932416666667        6.60932416666667      -2.792168652016852E-002
   6.60932416666667        6.90965708333333      -2.238978802269246E-002
   6.60932416666667        7.20999000000000      -1.840846268027872E-002
   6.90965708333333       2.000000000000000E-003 -5.724669334238566E-002
   6.90965708333333       0.302332916666667      -6.462146762776540E-002
   6.90965708333333       0.602665833333333      -6.647498360609996E-002
   6.90965708333333       0.902998750000000      -6.776370272030308E-002
   6.90965708333333        1.20333166666667      -6.906126966040217E-002
   6.90965708333333        1.50366458333333      -6.955608202880591E-002
   6.90965708333333        1.80399750000000      -6.920273411054545E-002
   6.90965708333333        2.10433041666667      -6.823056728896484E-002
   6.90965708333333        2.40466333333333      -6.682978850313968E-002
   6.90965708333333        2.70499625000000      -6.524347500331880E-002
   6.90965708333333        3.00532916666667      -6.385221667382195E-002
   6.90965708333333        3.30566208333333      -6.291635773409292E-002
   6.90965708333333        3.60599500000000      -6.252447345773166E-002
   6.90965708333333        3.90632791666667      -6.054945254723249E-002
   6.90965708333333        4.20666083333333      -5.701187784537579E-002
   6.90965708333333        4.50699375000000      -5.334066153230518E-002
   6.90965708333333        4.80732666666667      -4.990467229370986E-002
   6.90965708333333        5.10765958333333      -4.656901430780767E-002
   6.90965708333333        5.40799250000000      -4.310672668682268E-002
   6.90965708333333        5.70832541666667      -3.923465937361717E-002
   6.90965708333333        6.00865833333333      -3.460981690257592E-002
   6.90965708333333        6.30899125000000      -2.891458741233202E-002
   6.90965708333333        6.60932416666667      -2.238966717997213E-002
   6.90965708333333        6.90965708333333      -1.679289322035311E-002
   6.90965708333333        7.20999000000000      -1.321656675692757E-002
   7.20999000000000       2.000000000000000E-003 -5.621819529950604E-002
   7.20999000000000       0.302332916666667      -5.476944893767346E-002
   7.20999000000000       0.602665833333333      -5.627380784925704E-002
   7.20999000000000       0.902998750000000      -5.989829650137058E-002
   7.20999000000000        1.20333166666667      -6.248041366221876E-002
   7.20999000000000        1.50366458333333      -6.365882611631989E-002
   7.20999000000000        1.80399750000000      -6.377487950735326E-002
   7.20999000000000        2.10433041666667      -6.319786294211288E-002
   7.20999000000000        2.40466333333333      -6.222215078249706E-002
   7.20999000000000        2.70499625000000      -6.116220488582123E-002
   7.20999000000000        3.00532916666667      -6.024277622816220E-002
   7.20999000000000        3.30566208333333      -5.945635419079333E-002
   7.20999000000000        3.60599500000000      -5.887193961806986E-002
   7.20999000000000        3.90632791666667      -5.540448593376918E-002
   7.20999000000000        4.20666083333333      -5.216154889152264E-002
   7.20999000000000        4.50699375000000      -4.915417892352809E-002
   7.20999000000000        4.80732666666667      -4.627036962769270E-002
   7.20999000000000        5.10765958333333      -4.332731031771958E-002
   7.20999000000000        5.40799250000000      -4.011066204449964E-002
   7.20999000000000        5.70832541666667      -3.637058397787227E-002
   7.20999000000000        6.00865833333333      -3.171397673011267E-002
   7.20999000000000        6.30899125000000      -2.567117430228714E-002
   7.20999000000000        6.60932416666667      -1.840814576076287E-002
   7.20999000000000        6.90965708333333      -1.321628891220058E-002
   7.20999000000000        7.20999000000000      -1.114257216331647E-002
