  2.000000000000000E-003  2.000000000000000E-003 -0.220563058792467     
  2.000000000000000E-003  0.302332916666667      -0.218750054039544     
  2.000000000000000E-003  0.602665833333333      -0.206898426059452     
  2.000000000000000E-003  0.902998750000000      -0.193176934955189     
  2.000000000000000E-003   1.20333166666667      -0.180485038608609     
  2.000000000000000E-003   1.50366458333333      -0.169250950911694     
  2.000000000000000E-003   1.80399750000000      -0.159212309461555     
  2.000000000000000E-003   2.10433041666667      -0.150069447743504     
  2.000000000000000E-003   2.40466333333333      -0.141578920044800     
  2.000000000000000E-003   2.70499625000000      -0.133698927910572     
  2.000000000000000E-003   3.00532916666667      -0.126895947156766     
  2.000000000000000E-003   3.30566208333333      -0.121686054988000     
  2.000000000000000E-003   3.60599500000000      -0.116845264872163     
  2.000000000000000E-003   3.90632791666667      -0.109741852996345     
  2.000000000000000E-003   4.20666083333333      -0.102569099089139     
  2.000000000000000E-003   4.50699375000000      -9.472295630855208E-002
  2.000000000000000E-003   4.80732666666667      -8.749996367013661E-002
  2.000000000000000E-003   5.10765958333333      -8.136365622884030E-002
  2.000000000000000E-003   5.40799250000000      -7.637734629209648E-002
  2.000000000000000E-003   5.70832541666667      -7.236280626576078E-002
  2.000000000000000E-003   6.00865833333333      -6.909856872938049E-002
  2.000000000000000E-003   6.30899125000000      -6.633342225136281E-002
  2.000000000000000E-003   6.60932416666667      -6.381864402377574E-002
  2.000000000000000E-003   6.90965708333333      -6.145663624190485E-002
  2.000000000000000E-003   7.20999000000000      -5.880162352956615E-002
  0.302332916666667       2.000000000000000E-003 -0.252537623301015     
  0.302332916666667       0.302332916666667      -0.231566114017358     
  0.302332916666667       0.602665833333333      -0.217869444347051     
  0.302332916666667       0.902998750000000      -0.207580610689793     
  0.302332916666667        1.20333166666667      -0.196024213605261     
  0.302332916666667        1.50366458333333      -0.184566184357890     
  0.302332916666667        1.80399750000000      -0.173748685730757     
  0.302332916666667        2.10433041666667      -0.163522639913704     
  0.302332916666667        2.40466333333333      -0.153828857875211     
  0.302332916666667        2.70499625000000      -0.144762675838355     
  0.302332916666667        3.00532916666667      -0.136522581229894     
  0.302332916666667        3.30566208333333      -0.129268470694634     
  0.302332916666667        3.60599500000000      -0.121816810356658     
  0.302332916666667        3.90632791666667      -0.113415533334600     
  0.302332916666667        4.20666083333333      -0.105721083326871     
  0.302332916666667        4.50699375000000      -9.819040896965045E-002
  0.302332916666667        4.80732666666667      -9.123377936630639E-002
  0.302332916666667        5.10765958333333      -8.507887405155859E-002
  0.302332916666667        5.40799250000000      -7.980405615522199E-002
  0.302332916666667        5.70832541666667      -7.536649153441317E-002
  0.302332916666667        6.00865833333333      -7.153799498954296E-002
  0.302332916666667        6.30899125000000      -6.803251839892389E-002
  0.302332916666667        6.60932416666667      -6.465237011197388E-002
  0.302332916666667        6.90965708333333      -6.218179615139428E-002
  0.302332916666667        7.20999000000000      -6.016469825477398E-002
  0.602665833333333       2.000000000000000E-003 -0.274717241715779     
  0.602665833333333       0.302332916666667      -0.257674980181075     
  0.602665833333333       0.602665833333333      -0.237255633905188     
  0.602665833333333       0.902998750000000      -0.224010700329328     
  0.602665833333333        1.20333166666667      -0.212134719267395     
  0.602665833333333        1.50366458333333      -0.200406924631071     
  0.602665833333333        1.80399750000000      -0.188904889580640     
  0.602665833333333        2.10433041666667      -0.177646190351482     
  0.602665833333333        2.40466333333333      -0.166781574708868     
  0.602665833333333        2.70499625000000      -0.156530718421418     
  0.602665833333333        3.00532916666667      -0.146772997843580     
  0.602665833333333        3.30566208333333      -0.137251905428159     
  0.602665833333333        3.60599500000000      -0.127617259884448     
  0.602665833333333        3.90632791666667      -0.118249079975829     
  0.602665833333333        4.20666083333333      -0.109781510302161     
  0.602665833333333        4.50699375000000      -0.102091051806983     
  0.602665833333333        4.80732666666667      -9.518280302387803E-002
  0.602665833333333        5.10765958333333      -8.884553409097215E-002
  0.602665833333333        5.40799250000000      -8.325366954089647E-002
  0.602665833333333        5.70832541666667      -7.836220589587493E-002
  0.602665833333333        6.00865833333333      -7.401511308400434E-002
  0.602665833333333        6.30899125000000      -7.007202790743017E-002
  0.602665833333333        6.60932416666667      -6.659257780128935E-002
  0.602665833333333        6.90965708333333      -6.383337011842385E-002
  0.602665833333333        7.20999000000000      -6.055673581294081E-002
  0.902998750000000       2.000000000000000E-003 -0.287324156105277     
  0.902998750000000       0.302332916666667      -0.277837673063052     
  0.902998750000000       0.602665833333333      -0.260226718040435     
  0.902998750000000       0.902998750000000      -0.244447344336819     
  0.902998750000000        1.20333166666667      -0.230546503465796     
  0.902998750000000        1.50366458333333      -0.217366202436018     
  0.902998750000000        1.80399750000000      -0.204521442748535     
  0.902998750000000        2.10433041666667      -0.191934568485697     
  0.902998750000000        2.40466333333333      -0.179840370301454     
  0.902998750000000        2.70499625000000      -0.168275652526984     
  0.902998750000000        3.00532916666667      -0.157080730333318     
  0.902998750000000        3.30566208333333      -0.145948620798216     
  0.902998750000000        3.60599500000000      -0.134876938382801     
  0.902998750000000        3.90632791666667      -0.124369823731617     
  0.902998750000000        4.20666083333333      -0.114950323917002     
  0.902998750000000        4.50699375000000      -0.106717011907306     
  0.902998750000000        4.80732666666667      -9.935880766675116E-002
  0.902998750000000        5.10765958333333      -9.265111958959327E-002
  0.902998750000000        5.40799250000000      -8.665140316959724E-002
  0.902998750000000        5.70832541666667      -8.127945958082500E-002
  0.902998750000000        6.00865833333333      -7.643586092964329E-002
  0.902998750000000        6.30899125000000      -7.208379362309453E-002
  0.902998750000000        6.60932416666667      -6.822874270752738E-002
  0.902998750000000        6.90965708333333      -6.466598085555457E-002
  0.902998750000000        7.20999000000000      -6.074894816447551E-002
   1.20333166666667       2.000000000000000E-003 -0.308019963458619     
   1.20333166666667       0.302332916666667      -0.301824188972760     
   1.20333166666667       0.602665833333333      -0.287253058512629     
   1.20333166666667       0.902998750000000      -0.270211286445562     
   1.20333166666667        1.20333166666667      -0.253192030509112     
   1.20333166666667        1.50366458333333      -0.236757711112174     
   1.20333166666667        1.80399750000000      -0.221111836277747     
   1.20333166666667        2.10433041666667      -0.206359006256404     
   1.20333166666667        2.40466333333333      -0.192593884407579     
   1.20333166666667        2.70499625000000      -0.179563583444358     
   1.20333166666667        3.00532916666667      -0.166904051236885     
   1.20333166666667        3.30566208333333      -0.154432702304659     
   1.20333166666667        3.60599500000000      -0.142214492907819     
   1.20333166666667        3.90632791666667      -0.130713568259909     
   1.20333166666667        4.20666083333333      -0.120445748079431     
   1.20333166666667        4.50699375000000      -0.111489024734888     
   1.20333166666667        4.80732666666667      -0.103551359281364     
   1.20333166666667        5.10765958333333      -9.637739118443868E-002
   1.20333166666667        5.40799250000000      -8.988441496542703E-002
   1.20333166666667        5.70832541666667      -8.398039033634044E-002
   1.20333166666667        6.00865833333333      -7.858816497905172E-002
   1.20333166666667        6.30899125000000      -7.370541745526242E-002
   1.20333166666667        6.60932416666667      -6.927938541283107E-002
   1.20333166666667        6.90965708333333      -6.509486891891893E-002
   1.20333166666667        7.20999000000000      -6.087458396707718E-002
   1.50366458333333       2.000000000000000E-003 -0.349779191209172     
   1.50366458333333       0.302332916666667      -0.343816990824882     
   1.50366458333333       0.602665833333333      -0.328108937002034     
   1.50366458333333       0.902998750000000      -0.306880668550237     
   1.50366458333333        1.20333166666667      -0.283763214682329     
   1.50366458333333        1.50366458333333      -0.261093512144466     
   1.50366458333333        1.80399750000000      -0.240102107196049     
   1.50366458333333        2.10433041666667      -0.221303182401729     
   1.50366458333333        2.40466333333333      -0.204870421566628     
   1.50366458333333        2.70499625000000      -0.190086025767626     
   1.50366458333333        3.00532916666667      -0.176075049760960     
   1.50366458333333        3.30566208333333      -0.162376083537073     
   1.50366458333333        3.60599500000000      -0.149093027261909     
   1.50366458333333        3.90632791666667      -0.136703383136517     
   1.50366458333333        4.20666083333333      -0.125657439778504     
   1.50366458333333        4.50699375000000      -0.116039947880727     
   1.50366458333333        4.80732666666667      -0.107581214312391     
   1.50366458333333        5.10765958333333      -9.992448333205084E-002
   1.50366458333333        5.40799250000000      -9.286438044374114E-002
   1.50366458333333        5.70832541666667      -8.637319984487114E-002
   1.50366458333333        6.00865833333333      -8.039504617364406E-002
   1.50366458333333        6.30899125000000      -7.494542421626818E-002
   1.50366458333333        6.60932416666667      -6.998573250061534E-002
   1.50366458333333        6.90965708333333      -6.536748208860850E-002
   1.50366458333333        7.20999000000000      -6.094568550325517E-002
   1.80399750000000       2.000000000000000E-003 -0.424254121380286     
   1.80399750000000       0.302332916666667      -0.415886317866935     
   1.80399750000000       0.602665833333333      -0.393414743212611     
   1.80399750000000       0.902998750000000      -0.361928317952464     
   1.80399750000000        1.20333166666667      -0.327213563369902     
   1.80399750000000        1.50366458333333      -0.293391508677480     
   1.80399750000000        1.80399750000000      -0.262889345520954     
   1.80399750000000        2.10433041666667      -0.237431939858596     
   1.80399750000000        2.40466333333333      -0.216817553198114     
   1.80399750000000        2.70499625000000      -0.199618954746293     
   1.80399750000000        3.00532916666667      -0.184210332278648     
   1.80399750000000        3.30566208333333      -0.169546224475286     
   1.80399750000000        3.60599500000000      -0.155425618772552     
   1.80399750000000        3.90632791666667      -0.142241847930859     
   1.80399750000000        4.20666083333333      -0.130469801235510     
   1.80399750000000        4.50699375000000      -0.120247142174470     
   1.80399750000000        4.80732666666667      -0.111300307232989     
   1.80399750000000        5.10765958333333      -0.103184190142370     
   1.80399750000000        5.40799250000000      -9.558646122814370E-002
   1.80399750000000        5.70832541666667      -8.845421453504528E-002
   1.80399750000000        6.00865833333333      -8.187798567746500E-002
   1.80399750000000        6.30899125000000      -7.588697094533300E-002
   1.80399750000000        6.60932416666667      -7.046836040143385E-002
   1.80399750000000        6.90965708333333      -6.551970788439489E-002
   1.80399750000000        7.20999000000000      -6.093281272890510E-002
   2.10433041666667       2.000000000000000E-003 -0.545325910224699     
   2.10433041666667       0.302332916666667      -0.531264054395778     
   2.10433041666667       0.602665833333333      -0.493396858397088     
   2.10433041666667       0.902998750000000      -0.442047251724511     
   2.10433041666667        1.20333166666667      -0.386587093215887     
   2.10433041666667        1.50366458333333      -0.334548839062231     
   2.10433041666667        1.80399750000000      -0.290347223850598     
   2.10433041666667        2.10433041666667      -0.255405830145297     
   2.10433041666667        2.40466333333333      -0.228802382668575     
   2.10433041666667        2.70499625000000      -0.208223446691008     
   2.10433041666667        3.00532916666667      -0.191097448538137     
   2.10433041666667        3.30566208333333      -0.175553440685323     
   2.10433041666667        3.60599500000000      -0.160832770833181     
   2.10433041666667        3.90632791666667      -0.147073096615277     
   2.10433041666667        4.20666083333333      -0.134720230824704     
   2.10433041666667        4.50699375000000      -0.123973098105579     
   2.10433041666667        4.80732666666667      -0.114584273390995     
   2.10433041666667        5.10765958333333      -0.106055637910250     
   2.10433041666667        5.40799250000000      -9.799019870390444E-002
   2.10433041666667        5.70832541666667      -9.029473652338169E-002
   2.10433041666667        6.00865833333333      -8.310959057097413E-002
   2.10433041666667        6.30899125000000      -7.658666497536823E-002
   2.10433041666667        6.60932416666667      -7.074025071410746E-002
   2.10433041666667        6.90965708333333      -6.549661017476380E-002
   2.10433041666667        7.20999000000000      -6.076548221661397E-002
   2.40466333333333       2.000000000000000E-003 -0.734394103228394     
   2.40466333333333       0.302332916666667      -0.707548692700975     
   2.40466333333333       0.602665833333333      -0.637488968065854     
   2.40466333333333       0.902998750000000      -0.548749298191554     
   2.40466333333333        1.20333166666667      -0.460936871243063     
   2.40466333333333        1.50366458333333      -0.384224967965043     
   2.40466333333333        1.80399750000000      -0.322319976293322     
   2.40466333333333        2.10433041666667      -0.275305054617112     
   2.40466333333333        2.40466333333333      -0.241039701353847     
   2.40466333333333        2.70499625000000      -0.216092099994856     
   2.40466333333333        3.00532916666667      -0.196802677381791     
   2.40466333333333        3.30566208333333      -0.180320674179934     
   2.40466333333333        3.60599500000000      -0.165153404132197     
   2.40466333333333        3.90632791666667      -0.151028065421160     
   2.40466333333333        4.20666083333333      -0.138268653552844     
   2.40466333333333        4.50699375000000      -0.127108766088343     
   2.40466333333333        4.80732666666667      -0.117346409445195     
   2.40466333333333        5.10765958333333      -0.108466498713137     
   2.40466333333333        5.40799250000000      -0.100012013697114     
   2.40466333333333        5.70832541666667      -9.184665847791001E-002
   2.40466333333333        6.00865833333333      -8.412349247153088E-002
   2.40466333333333        6.30899125000000      -7.705324950492641E-002
   2.40466333333333        6.60932416666667      -7.071926269462292E-002
   2.40466333333333        6.90965708333333      -6.511246149137262E-002
   2.40466333333333        7.20999000000000      -6.027182756431870E-002
   2.70499625000000       2.000000000000000E-003 -0.990938440003512     
   2.70499625000000       0.302332916666667      -0.946909737536783     
   2.70499625000000       0.602665833333333      -0.831615077164341     
   2.70499625000000       0.902998750000000      -0.684354658454422     
   2.70499625000000        1.20333166666667      -0.548171973799441     
   2.70499625000000        1.50366458333333      -0.439500386845359     
   2.70499625000000        1.80399750000000      -0.356659650374628     
   2.70499625000000        2.10433041666667      -0.295981200601230     
   2.70499625000000        2.40466333333333      -0.253126073454269     
   2.70499625000000        2.70499625000000      -0.223229018362115     
   2.70499625000000        3.00532916666667      -0.201461903522172     
   2.70499625000000        3.30566208333333      -0.183948233576437     
   2.70499625000000        3.60599500000000      -0.168396631149004     
   2.70499625000000        3.90632791666667      -0.154049053829665     
   2.70499625000000        4.20666083333333      -0.141038100913915     
   2.70499625000000        4.50699375000000      -0.129588304752827     
   2.70499625000000        4.80732666666667      -0.119537313298092     
   2.70499625000000        5.10765958333333      -0.110376029997697     
   2.70499625000000        5.40799250000000      -0.101611059380591     
   2.70499625000000        5.70832541666667      -9.306200674288996E-002
   2.70499625000000        6.00865833333333      -8.486012317095383E-002
   2.70499625000000        6.30899125000000      -7.720867080348766E-002
   2.70499625000000        6.60932416666667      -7.026311654897634E-002
   2.70499625000000        6.90965708333333      -6.432177188101379E-002
   2.70499625000000        7.20999000000000      -5.950548154936666E-002
   3.00532916666667       2.000000000000000E-003  -1.27106118725566     
   3.00532916666667       0.302332916666667       -1.20951632397574     
   3.00532916666667       0.602665833333333       -1.04436901363037     
   3.00532916666667       0.902998750000000      -0.834586731212045     
   3.00532916666667        1.20333166666667      -0.639011048566018     
   3.00532916666667        1.50366458333333      -0.493107638363308     
   3.00532916666667        1.80399750000000      -0.388702229862876     
   3.00532916666667        2.10433041666667      -0.314808584423176     
   3.00532916666667        2.40466333333333      -0.263821380282323     
   3.00532916666667        2.70499625000000      -0.229220459781682     
   3.00532916666667        3.00532916666667      -0.205057586094700     
   3.00532916666667        3.30566208333333      -0.186530566290681     
   3.00532916666667        3.60599500000000      -0.170629526129250     
   3.00532916666667        3.90632791666667      -0.156146139055286     
   3.00532916666667        4.20666083333333      -0.143002533511559     
   3.00532916666667        4.50699375000000      -0.131376498159572     
   3.00532916666667        4.80732666666667      -0.121127153354782     
   3.00532916666667        5.10765958333333      -0.111760575653403     
   3.00532916666667        5.40799250000000      -0.102765202192626     
   3.00532916666667        5.70832541666667      -9.391934965802275E-002
   3.00532916666667        6.00865833333333      -8.530170890850396E-002
   3.00532916666667        6.30899125000000      -7.706286658784869E-002
   3.00532916666667        6.60932416666667      -6.954631301293397E-002
   3.00532916666667        6.90965708333333      -6.335111863442178E-002
   3.00532916666667        7.20999000000000      -5.870099669452995E-002
   3.30566208333333       2.000000000000000E-003  -1.47991028092236     
   3.30566208333333       0.302332916666667       -1.41114694981455     
   3.30566208333333       0.602665833333333       -1.21559668853756     
   3.30566208333333       0.902998750000000      -0.954577816037605     
   3.30566208333333        1.20333166666667      -0.712649586354497     
   3.30566208333333        1.50366458333333      -0.533498833972929     
   3.30566208333333        1.80399750000000      -0.411984295860809     
   3.30566208333333        2.10433041666667      -0.328239953534131     
   3.30566208333333        2.40466333333333      -0.271334862431114     
   3.30566208333333        2.70499625000000      -0.233312931981251     
   3.30566208333333        3.00532916666667      -0.207380585901200     
   3.30566208333333        3.30566208333333      -0.188081533523388     
   3.30566208333333        3.60599500000000      -0.171913818483733     
   3.30566208333333        3.90632791666667      -0.157359587297209     
   3.30566208333333        4.20666083333333      -0.144166294968900     
   3.30566208333333        4.50699375000000      -0.132453828460330     
   3.30566208333333        4.80732666666667      -0.122091693256706     
   3.30566208333333        5.10765958333333      -0.112601179511203     
   3.30566208333333        5.40799250000000      -0.103462753637075     
   3.30566208333333        5.70832541666667      -9.442245143436624E-002
   3.30566208333333        6.00865833333333      -8.549465546940134E-002
   3.30566208333333        6.30899125000000      -7.679911242319530E-002
   3.30566208333333        6.60932416666667      -6.881399546625189E-002
   3.30566208333333        6.90965708333333      -6.253556551962831E-002
   3.30566208333333        7.20999000000000      -5.808768845439741E-002
   3.60599500000000       2.000000000000000E-003  -1.62636757609486     
   3.60599500000000       0.302332916666667       -1.48438447323342     
   3.60599500000000       0.602665833333333       -1.28028415391806     
   3.60599500000000       0.902998750000000       -1.00072299619513     
   3.60599500000000        1.20333166666667      -0.741131898052636     
   3.60599500000000        1.50366458333333      -0.548723649695438     
   3.60599500000000        1.80399750000000      -0.420563302415288     
   3.60599500000000        2.10433041666667      -0.333138832666525     
   3.60599500000000        2.40466333333333      -0.274057135582686     
   3.60599500000000        2.70499625000000      -0.234778786158212     
   3.60599500000000        3.00532916666667      -0.208190381675069     
   3.60599500000000        3.30566208333333      -0.188597604881654     
   3.60599500000000        3.60599500000000      -0.172326136737900     
   3.60599500000000        3.90632791666667      -0.157752773844479     
   3.60599500000000        4.20666083333333      -0.144551617265313     
   3.60599500000000        4.50699375000000      -0.132814839914635     
   3.60599500000000        4.80732666666667      -0.122416615550840     
   3.60599500000000        5.10765958333333      -0.112885242763255     
   3.60599500000000        5.40799250000000      -0.103698838804975     
   3.60599500000000        5.70832541666667      -9.459081714726598E-002
   3.60599500000000        6.00865833333333      -8.554707009130277E-002
   3.60599500000000        6.30899125000000      -7.667996908715058E-002
   3.60599500000000        6.60932416666667      -6.852069032026362E-002
   3.60599500000000        6.90965708333333      -6.233637448837451E-002
   3.60599500000000        7.20999000000000      -5.779552740933178E-002
   3.90632791666667       2.000000000000000E-003  -1.47991365200619     
   3.90632791666667       0.302332916666667       -1.41104830723864     
   3.90632791666667       0.602665833333333       -1.21551114933010     
   3.90632791666667       0.902998750000000      -0.954532776892891     
   3.90632791666667        1.20333166666667      -0.712634010646016     
   3.90632791666667        1.50366458333333      -0.533496811372493     
   3.90632791666667        1.80399750000000      -0.411987172089022     
   3.90632791666667        2.10433041666667      -0.328244569901627     
   3.90632791666667        2.40466333333333      -0.271340051131537     
   3.90632791666667        2.70499625000000      -0.233318512013905     
   3.90632791666667        3.00532916666667      -0.207386749124427     
   3.90632791666667        3.30566208333333      -0.188088476703508     
   3.90632791666667        3.60599500000000      -0.171921520568527     
   3.90632791666667        3.90632791666667      -0.157367667102338     
   3.90632791666667        4.20666083333333      -0.144174272752696     
   3.90632791666667        4.50699375000000      -0.132461423813388     
   3.90632791666667        4.80732666666667      -0.122098997571048     
   3.90632791666667        5.10765958333333      -0.112608858587020     
   3.90632791666667        5.40799250000000      -0.103471954287048     
   3.90632791666667        5.70832541666667      -9.443504558096631E-002
   3.90632791666667        6.00865833333333      -8.551466704378263E-002
   3.90632791666667        6.30899125000000      -7.683315268756259E-002
   3.90632791666667        6.60932416666667      -6.886619026711689E-002
   3.90632791666667        6.90965708333333      -6.259437222772461E-002
   3.90632791666667        7.20999000000000      -5.811013170135685E-002
   4.20666083333333       2.000000000000000E-003  -1.27106832829949     
   4.20666083333333       0.302332916666667       -1.20943329363566     
   4.20666083333333       0.602665833333333       -1.04428151144620     
   4.20666083333333       0.902998750000000      -0.834536814889533     
   4.20666083333333        1.20333166666667      -0.638995448473005     
   4.20666083333333        1.50366458333333      -0.493108460965093     
   4.20666083333333        1.80399750000000      -0.388709685368526     
   4.20666083333333        2.10433041666667      -0.314818390534552     
   4.20666083333333        2.40466333333333      -0.263831830500282     
   4.20666083333333        2.70499625000000      -0.229231430668603     
   4.20666083333333        3.00532916666667      -0.205069659428237     
   4.20666083333333        3.30566208333333      -0.186544335538207     
   4.20666083333333        3.60599500000000      -0.170644952318376     
   4.20666083333333        3.90632791666667      -0.156162448425752     
   4.20666083333333        4.20666083333333      -0.143018658851988     
   4.20666083333333        4.50699375000000      -0.131391653460049     
   4.20666083333333        4.80732666666667      -0.121141362601684     
   4.20666083333333        5.10765958333333      -0.111774904155012     
   4.20666083333333        5.40799250000000      -0.102781614541107     
   4.20666083333333        5.70832541666667      -9.394069220917466E-002
   4.20666083333333        6.00865833333333      -8.533275624133442E-002
   4.20666083333333        6.30899125000000      -7.711163525480949E-002
   4.20666083333333        6.60932416666667      -6.961423172536671E-002
   4.20666083333333        6.90965708333333      -6.342166417337468E-002
   4.20666083333333        7.20999000000000      -5.873986135039545E-002
   4.50699375000000       2.000000000000000E-003 -0.990945986618058     
   4.50699375000000       0.302332916666667      -0.946869929977337     
   4.50699375000000       0.602665833333333      -0.831567720471956     
   4.50699375000000       0.902998750000000      -0.684329335732795     
   4.50699375000000        1.20333166666667      -0.548168090448773     
   4.50699375000000        1.50366458333333      -0.439508671339849     
   4.50699375000000        1.80399750000000      -0.356673354957321     
   4.50699375000000        2.10433041666667      -0.295996457205161     
   4.50699375000000        2.40466333333333      -0.253141377375517     
   4.50699375000000        2.70499625000000      -0.223244713215585     
   4.50699375000000        3.00532916666667      -0.201479299800167     
   4.50699375000000        3.30566208333333      -0.183968458660449     
   4.50699375000000        3.60599500000000      -0.168419765125828     
   4.50699375000000        3.90632791666667      -0.154073849243574     
   4.50699375000000        4.20666083333333      -0.141062750109332     
   4.50699375000000        4.50699375000000      -0.129611246667395     
   4.50699375000000        4.80732666666667      -0.119558110759679     
   4.50699375000000        5.10765958333333      -0.110395810881372     
   4.50699375000000        5.40799250000000      -0.101632131145139     
   4.50699375000000        5.70832541666667      -9.308740019641888E-002
   4.50699375000000        6.00865833333333      -8.489341952332137E-002
   4.50699375000000        6.30899125000000      -7.725426596437072E-002
   4.50699375000000        6.60932416666667      -7.032143957323249E-002
   4.50699375000000        6.90965708333333      -6.437975260347492E-002
   4.50699375000000        7.20999000000000      -5.954347197788397E-002
   4.80732666666667       2.000000000000000E-003 -0.734399754631163     
   4.80732666666667       0.302332916666667      -0.707538731218008     
   4.80732666666667       0.602665833333333      -0.637477777561539     
   4.80732666666667       0.902998750000000      -0.548747876028076     
   4.80732666666667        1.20333166666667      -0.460946395579804     
   4.80732666666667        1.50366458333333      -0.384241756387409     
   4.80732666666667        1.80399750000000      -0.322339727258320     
   4.80732666666667        2.10433041666667      -0.275324796958240     
   4.80732666666667        2.40466333333333      -0.241058539646468     
   4.80732666666667        2.70499625000000      -0.216111236812511     
   4.80732666666667        3.00532916666667      -0.196824319949388     
   4.80732666666667        3.30566208333333      -0.180346642657053     
   4.80732666666667        3.60599500000000      -0.165183995152988     
   4.80732666666667        3.90632791666667      -0.151061742661552     
   4.80732666666667        4.20666083333333      -0.138302555546900     
   4.80732666666667        4.50699375000000      -0.127140230180209     
   4.80732666666667        4.80732666666667      -0.117374209531060     
   4.80732666666667        5.10765958333333      -0.108491369670215     
   4.80732666666667        5.40799250000000      -0.100036280351823     
   4.80732666666667        5.70832541666667      -9.187326658134599E-002
   4.80732666666667        6.00865833333333      -8.415500342060672E-002
   4.80732666666667        6.30899125000000      -7.709102766415507E-002
   4.80732666666667        6.60932416666667      -7.076209751454257E-002
   4.80732666666667        6.90965708333333      -6.515439607765643E-002
   4.80732666666667        7.20999000000000      -6.030338271220215E-002
   5.10765958333333       2.000000000000000E-003 -0.545329231607699     
   5.10765958333333       0.302332916666667      -0.531267419233360     
   5.10765958333333       0.602665833333333      -0.493403757552996     
   5.10765958333333       0.902998750000000      -0.442060335243576     
   5.10765958333333        1.20333166666667      -0.386606222283687     
   5.10765958333333        1.50366458333333      -0.334571653902533     
   5.10765958333333        1.80399750000000      -0.290370648187278     
   5.10765958333333        2.10433041666667      -0.255427736318108     
   5.10765958333333        2.40466333333333      -0.228822691463546     
   5.10765958333333        2.70499625000000      -0.208244118719063     
   5.10765958333333        3.00532916666667      -0.191121690444099     
   5.10765958333333        3.30566208333333      -0.175584054974049     
   5.10765958333333        3.60599500000000      -0.160870493219579     
   5.10765958333333        3.90632791666667      -0.147115979184231     
   5.10765958333333        4.20666083333333      -0.134764361107725     
   5.10765958333333        4.50699375000000      -0.124014460849374     
   5.10765958333333        4.80732666666667      -0.114620427566836     
   5.10765958333333        5.10765958333333      -0.106086632460691     
   5.10765958333333        5.40799250000000      -9.801811464860763E-002
   5.10765958333333        5.70832541666667      -9.032244836675832E-002
   5.10765958333333        6.00865833333333      -8.313931508611570E-002
   5.10765958333333        6.30899125000000      -7.661902566679746E-002
   5.10765958333333        6.60932416666667      -7.077398636013589E-002
   5.10765958333333        6.90965708333333      -6.552894910927133E-002
   5.10765958333333        7.20999000000000      -6.079321765877416E-002
   5.40799250000000       2.000000000000000E-003 -0.424255434187920     
   5.40799250000000       0.302332916666667      -0.415891255955435     
   5.40799250000000       0.602665833333333      -0.393425576358178     
   5.40799250000000       0.902998750000000      -0.361946368228662     
   5.40799250000000        1.20333166666667      -0.327236663126746     
   5.40799250000000        1.50366458333333      -0.293416102307361     
   5.40799250000000        1.80399750000000      -0.262913020726139     
   5.40799250000000        2.10433041666667      -0.237453287696410     
   5.40799250000000        2.40466333333333      -0.216836989012965     
   5.40799250000000        2.70499625000000      -0.199639178268398     
   5.40799250000000        3.00532916666667      -0.184235538751387     
   5.40799250000000        3.30566208333333      -0.169580342309923     
   5.40799250000000        3.60599500000000      -0.155470115421395     
   5.40799250000000        3.90632791666667      -0.142294525541114     
   5.40799250000000        4.20666083333333      -0.130525543518374     
   5.40799250000000        4.50699375000000      -0.120300228484140     
   5.40799250000000        4.80732666666667      -0.111346900303703     
   5.40799250000000        5.10765958333333      -0.103223479940928     
   5.40799250000000        5.40799250000000      -9.562018565153810E-002
   5.40799250000000        5.70832541666667      -8.848520614423591E-002
   5.40799250000000        6.00865833333333      -8.190857081723729E-002
   5.40799250000000        6.30899125000000      -7.591805058899138E-002
   5.40799250000000        6.60932416666667      -7.049901167233570E-002
   5.40799250000000        6.90965708333333      -6.554906206285402E-002
   5.40799250000000        7.20999000000000      -6.096084406126045E-002
   5.70832541666667       2.000000000000000E-003 -0.349779000905416     
   5.70832541666667       0.302332916666667      -0.343814517573966     
   5.70832541666667       0.602665833333333      -0.328111190104035     
   5.70832541666667       0.902998750000000      -0.306892079022258     
   5.70832541666667        1.20333166666667      -0.283782199565634     
   5.70832541666667        1.50366458333333      -0.261115197730772     
   5.70832541666667        1.80399750000000      -0.240122866999103     
   5.70832541666667        2.10433041666667      -0.221321801073872     
   5.70832541666667        2.40466333333333      -0.204887565552247     
   5.70832541666667        2.70499625000000      -0.190104481369265     
   5.70832541666667        3.00532916666667      -0.176099720290371     
   5.70832541666667        3.30566208333333      -0.162412424186646     
   5.70832541666667        3.60599500000000      -0.149144204237796     
   5.70832541666667        3.90632791666667      -0.136767234662321     
   5.70832541666667        4.20666083333333      -0.125726851014887     
   5.70832541666667        4.50699375000000      -0.116106914228850     
   5.70832541666667        4.80732666666667      -0.107640442767407     
   5.70832541666667        5.10765958333333      -9.997446073747235E-002
   5.70832541666667        5.40799250000000      -9.290668432429967E-002
   5.70832541666667        5.70832541666667      -8.641110650456975E-002
   5.70832541666667        6.00865833333333      -8.043149654962206E-002
   5.70832541666667        6.30899125000000      -7.498000954836306E-002
   5.70832541666667        6.60932416666667      -7.001630485408074E-002
   5.70832541666667        6.90965708333333      -6.539462864984281E-002
   5.70832541666667        7.20999000000000      -6.097378132855713E-002
   6.00865833333333       2.000000000000000E-003 -0.308018577675267     
   6.00865833333333       0.302332916666667      -0.301804279920398     
   6.00865833333333       0.602665833333333      -0.287235346328882     
   6.00865833333333       0.902998750000000      -0.270208052472474     
   6.00865833333333        1.20333166666667      -0.253201238474603     
   6.00865833333333        1.50366458333333      -0.236772757457951     
   6.00865833333333        1.80399750000000      -0.221127873421317     
   6.00865833333333        2.10433041666667      -0.206374574649671     
   6.00865833333333        2.40466333333333      -0.192608942001090     
   6.00865833333333        2.70499625000000      -0.179579847772082     
   6.00865833333333        3.00532916666667      -0.166926064727368     
   6.00865833333333        3.30566208333333      -0.154468810813658     
   6.00865833333333        3.60599500000000      -0.142273162111181     
   6.00865833333333        3.90632791666667      -0.130793125759259     
   6.00865833333333        4.20666083333333      -0.120533596849087     
   6.00865833333333        4.50699375000000      -0.111572820540339     
   6.00865833333333        4.80732666666667      -0.103624913584135     
   6.00865833333333        5.10765958333333      -9.643958301044366E-002
   6.00865833333333        5.40799250000000      -8.993764063347494E-002
   6.00865833333333        5.70832541666667      -8.402956070953929E-002
   6.00865833333333        6.00865833333333      -7.863566861605514E-002
   6.00865833333333        6.30899125000000      -7.374760802339606E-002
   6.00865833333333        6.60932416666667      -6.930926899598031E-002
   6.00865833333333        6.90965708333333      -6.511312896726212E-002
   6.00865833333333        7.20999000000000      -6.089503804721114E-002
   6.30899125000000       2.000000000000000E-003 -0.287321566463441     
   6.30899125000000       0.302332916666667      -0.277788032796637     
   6.30899125000000       0.602665833333333      -0.260183437341956     
   6.30899125000000       0.902998750000000      -0.244429878754849     
   6.30899125000000        1.20333166666667      -0.230547014186557     
   6.30899125000000        1.50366458333333      -0.217375072471653     
   6.30899125000000        1.80399750000000      -0.204533615837041     
   6.30899125000000        2.10433041666667      -0.191948929552659     
   6.30899125000000        2.40466333333333      -0.179855882205924     
   6.30899125000000        2.70499625000000      -0.168290510403097     
   6.30899125000000        3.00532916666667      -0.157097118219998     
   6.30899125000000        3.30566208333333      -0.145980463737084     
   6.30899125000000        3.60599500000000      -0.134943516077313     
   6.30899125000000        3.90632791666667      -0.124472473054782     
   6.30899125000000        4.20666083333333      -0.115066058582519     
   6.30899125000000        4.50699375000000      -0.106822392196141     
   6.30899125000000        4.80732666666667      -9.944723479231132E-002
   6.30899125000000        5.10765958333333      -9.272543778733860E-002
   6.30899125000000        5.40799250000000      -8.671687498353185E-002
   6.30899125000000        5.70832541666667      -8.134271371721627E-002
   6.30899125000000        6.00865833333333      -7.649916672673782E-002
   6.30899125000000        6.30899125000000      -7.213916553564896E-002
   6.30899125000000        6.60932416666667      -6.825715702832566E-002
   6.30899125000000        6.90965708333333      -6.466029133980687E-002
   6.30899125000000        7.20999000000000      -6.074386601312407E-002
   6.60932416666667       2.000000000000000E-003 -0.274713312946780     
   6.60932416666667       0.302332916666667      -0.257590515193379     
   6.60932416666667       0.602665833333333      -0.237202677736659     
   6.60932416666667       0.902998750000000      -0.223992477504722     
   6.60932416666667        1.20333166666667      -0.212133240665532     
   6.60932416666667        1.50366458333333      -0.200413337767426     
   6.60932416666667        1.80399750000000      -0.188916508689201     
   6.60932416666667        2.10433041666667      -0.177663170194917     
   6.60932416666667        2.40466333333333      -0.166803101901105     
   6.60932416666667        2.70499625000000      -0.156551489446891     
   6.60932416666667        3.00532916666667      -0.146790688855338     
   6.60932416666667        3.30566208333333      -0.137278742148403     
   6.60932416666667        3.60599500000000      -0.127690058897352     
   6.60932416666667        3.90632791666667      -0.118378313696165     
   6.60932416666667        4.20666083333333      -0.109925920221536     
   6.60932416666667        4.50699375000000      -0.102217915088334     
   6.60932416666667        4.80732666666667      -9.528379233729871E-002
   6.60932416666667        5.10765958333333      -8.892949590978362E-002
   6.60932416666667        5.40799250000000      -8.333000144429283E-002
   6.60932416666667        5.70832541666667      -7.843919168074075E-002
   6.60932416666667        6.00865833333333      -7.409700857886697E-002
   6.60932416666667        6.30899125000000      -7.015084438042447E-002
   6.60932416666667        6.60932416666667      -6.663482069226892E-002
   6.60932416666667        6.90965708333333      -6.380138460820242E-002
   6.60932416666667        7.20999000000000      -6.051524161443166E-002
   6.90965708333333       2.000000000000000E-003 -0.252533045680302     
   6.90965708333333       0.302332916666667      -0.231500544263274     
   6.90965708333333       0.602665833333333      -0.217851850955421     
   6.90965708333333       0.902998750000000      -0.207577679941038     
   6.90965708333333        1.20333166666667      -0.196025867410966     
   6.90965708333333        1.50366458333333      -0.184572783947023     
   6.90965708333333        1.80399750000000      -0.173762522964519     
   6.90965708333333        2.10433041666667      -0.163546463418588     
   6.90965708333333        2.40466333333333      -0.153864707673833     
   6.90965708333333        2.70499625000000      -0.144806926071771     
   6.90965708333333        3.00532916666667      -0.136565913410289     
   6.90965708333333        3.30566208333333      -0.129304974375140     
   6.90965708333333        3.60599500000000      -0.121888398599350     
   6.90965708333333        3.90632791666667      -0.113556771575584     
   6.90965708333333        4.20666083333333      -0.105872296308814     
   6.90965708333333        4.50699375000000      -9.832027785517239E-002
   6.90965708333333        4.80732666666667      -9.133853654134806E-002
   6.90965708333333        5.10765958333333      -8.516712196531569E-002
   6.90965708333333        5.40799250000000      -7.988694521477685E-002
   6.90965708333333        5.70832541666667      -7.545238465460161E-002
   6.90965708333333        6.00865833333333      -7.163390434359546E-002
   6.90965708333333        6.30899125000000      -6.813928479870603E-002
   6.90965708333333        6.60932416666667      -6.474957367074560E-002
   6.90965708333333        6.90965708333333      -6.221243172442713E-002
   6.90965708333333        7.20999000000000      -6.016612162009632E-002
   7.20999000000000       2.000000000000000E-003 -0.220557228841543     
   7.20999000000000       0.302332916666667      -0.218760337498419     
   7.20999000000000       0.602665833333333      -0.206914919187786     
   7.20999000000000       0.902998750000000      -0.193183361024851     
   7.20999000000000        1.20333166666667      -0.180487403214100     
   7.20999000000000        1.50366458333333      -0.169257356097097     
   7.20999000000000        1.80399750000000      -0.159228683682948     
   7.20999000000000        2.10433041666667      -0.150100943554475     
   7.20999000000000        2.40466333333333      -0.141632594113105     
   7.20999000000000        2.70499625000000      -0.133776622947146     
   7.20999000000000        3.00532916666667      -0.126989751085703     
   7.20999000000000        3.30566208333333      -0.121771994427592     
   7.20999000000000        3.60599500000000      -0.116900372985323     
   7.20999000000000        3.90632791666667      -0.109833443350016     
   7.20999000000000        4.20666083333333      -0.102674986917604     
   7.20999000000000        4.50699375000000      -9.482586658678595E-002
   7.20999000000000        4.80732666666667      -8.759339319634774E-002
   7.20999000000000        5.10765958333333      -8.144922129605060E-002
   7.20999000000000        5.40799250000000      -7.646107403163546E-002
   7.20999000000000        5.70832541666667      -7.244980423590042E-002
   7.20999000000000        6.00865833333333      -6.919453132514658E-002
   7.20999000000000        6.30899125000000      -6.644355587883849E-002
   7.20999000000000        6.60932416666667      -6.394237226953829E-002
   7.20999000000000        6.90965708333333      -6.157332770631568E-002
   7.20999000000000        7.20999000000000      -5.888157070835680E-002
