  2.000000000000000E-003  2.000000000000000E-003 -0.128910096945981     
  2.000000000000000E-003  0.302332916666667      -0.136136182806125     
  2.000000000000000E-003  0.602665833333333      -0.139658363541938     
  2.000000000000000E-003  0.902998750000000      -0.140139436747634     
  2.000000000000000E-003   1.20333166666667      -0.140792710093486     
  2.000000000000000E-003   1.50366458333333      -0.142538096326676     
  2.000000000000000E-003   1.80399750000000      -0.145604481566910     
  2.000000000000000E-003   2.10433041666667      -0.150112723399179     
  2.000000000000000E-003   2.40466333333333      -0.156193842101455     
  2.000000000000000E-003   2.70499625000000      -0.163444403152574     
  2.000000000000000E-003   3.00532916666667      -0.170164345377872     
  2.000000000000000E-003   3.30566208333333      -0.172737795413995     
  2.000000000000000E-003   3.60599500000000      -0.172334864810218     
  2.000000000000000E-003   3.90632791666667      -0.172732109533423     
  2.000000000000000E-003   4.20666083333333      -0.170154946580128     
  2.000000000000000E-003   4.50699375000000      -0.163433939716935     
  2.000000000000000E-003   4.80732666666667      -0.156183314066440     
  2.000000000000000E-003   5.10765958333333      -0.150101678828492     
  2.000000000000000E-003   5.40799250000000      -0.145592967218344     
  2.000000000000000E-003   5.70832541666667      -0.142528027762205     
  2.000000000000000E-003   6.00865833333333      -0.140788241819408     
  2.000000000000000E-003   6.30899125000000      -0.140147448475513     
  2.000000000000000E-003   6.60932416666667      -0.139682017751410     
  2.000000000000000E-003   6.90965708333333      -0.136145127907800     
  2.000000000000000E-003   7.20999000000000      -0.128885476031210     
  0.302332916666667       2.000000000000000E-003 -0.136136363578594     
  0.302332916666667       0.302332916666667      -0.136206320365982     
  0.302332916666667       0.602665833333333      -0.142197365045777     
  0.302332916666667       0.902998750000000      -0.147209330793241     
  0.302332916666667        1.20333166666667      -0.150620791156764     
  0.302332916666667        1.50366458333333      -0.154089105458024     
  0.302332916666667        1.80399750000000      -0.158379646086003     
  0.302332916666667        2.10433041666667      -0.163739362020654     
  0.302332916666667        2.40466333333333      -0.170003500369407     
  0.302332916666667        2.70499625000000      -0.176284791561984     
  0.302332916666667        3.00532916666667      -0.180550088006236     
  0.302332916666667        3.30566208333333      -0.180325208248723     
  0.302332916666667        3.60599500000000      -0.178506642285592     
  0.302332916666667        3.90632791666667      -0.180277636748187     
  0.302332916666667        4.20666083333333      -0.180501240563701     
  0.302332916666667        4.50699375000000      -0.176249810051645     
  0.302332916666667        4.80732666666667      -0.169981447344081     
  0.302332916666667        5.10765958333333      -0.163724615128574     
  0.302332916666667        5.40799250000000      -0.158367569277050     
  0.302332916666667        5.70832541666667      -0.154077725576131     
  0.302332916666667        6.00865833333333      -0.150609021925399     
  0.302332916666667        6.30899125000000      -0.147196122725266     
  0.302332916666667        6.60932416666667      -0.142177919731765     
  0.302332916666667        6.90965708333333      -0.136175217114871     
  0.302332916666667        7.20999000000000      -0.136144725494713     
  0.602665833333333       2.000000000000000E-003 -0.139658596621379     
  0.602665833333333       0.302332916666667      -0.142197303065595     
  0.602665833333333       0.602665833333333      -0.146883595605281     
  0.602665833333333       0.902998750000000      -0.153859079500789     
  0.602665833333333        1.20333166666667      -0.160120111751359     
  0.602665833333333        1.50366458333333      -0.165955762302150     
  0.602665833333333        1.80399750000000      -0.172041997216206     
  0.602665833333333        2.10433041666667      -0.178670967577343     
  0.602665833333333        2.40466333333333      -0.185544363329217     
  0.602665833333333        2.70499625000000      -0.191504243957430     
  0.602665833333333        3.00532916666667      -0.194636614765843     
  0.602665833333333        3.30566208333333      -0.193793363961208     
  0.602665833333333        3.60599500000000      -0.192265091982387     
  0.602665833333333        3.90632791666667      -0.193748411920628     
  0.602665833333333        4.20666083333333      -0.194582651443216     
  0.602665833333333        4.50699375000000      -0.191463106292345     
  0.602665833333333        4.80732666666667      -0.185519479400841     
  0.602665833333333        5.10765958333333      -0.178655941499034     
  0.602665833333333        5.40799250000000      -0.172031517494509     
  0.602665833333333        5.70832541666667      -0.165945346485000     
  0.602665833333333        6.00865833333333      -0.160105231857072     
  0.602665833333333        6.30899125000000      -0.153835611116781     
  0.602665833333333        6.60932416666667      -0.146852157078158     
  0.602665833333333        6.90965708333333      -0.142177449729095     
  0.602665833333333        7.20999000000000      -0.139681696933157     
  0.902998750000000       2.000000000000000E-003 -0.140139691440558     
  0.902998750000000       0.302332916666667      -0.147209156724060     
  0.902998750000000       0.602665833333333      -0.153858794476347     
  0.902998750000000       0.902998750000000      -0.161904479740294     
  0.902998750000000        1.20333166666667      -0.170261667313871     
  0.902998750000000        1.50366458333333      -0.178504842596961     
  0.902998750000000        1.80399750000000      -0.186812862817759     
  0.902998750000000        2.10433041666667      -0.195350498900944     
  0.902998750000000        2.40466333333333      -0.203816641149251     
  0.902998750000000        2.70499625000000      -0.211220833799357     
  0.902998750000000        3.00532916666667      -0.216154875971822     
  0.902998750000000        3.30566208333333      -0.217967848591731     
  0.902998750000000        3.60599500000000      -0.218118058250426     
  0.902998750000000        3.90632791666667      -0.217938575109947     
  0.902998750000000        4.20666083333333      -0.216115739613625     
  0.902998750000000        4.50699375000000      -0.211189098947824     
  0.902998750000000        4.80732666666667      -0.203796057416618     
  0.902998750000000        5.10765958333333      -0.195338614828304     
  0.902998750000000        5.40799250000000      -0.186806294301350     
  0.902998750000000        5.70832541666667      -0.178498581324648     
  0.902998750000000        6.00865833333333      -0.170250531002803     
  0.902998750000000        6.30899125000000      -0.161885354054198     
  0.902998750000000        6.60932416666667      -0.153835311260323     
  0.902998750000000        6.90965708333333      -0.147195772700611     
  0.902998750000000        7.20999000000000      -0.140147330612310     
   1.20333166666667       2.000000000000000E-003 -0.140793154304736     
   1.20333166666667       0.302332916666667      -0.150620580112374     
   1.20333166666667       0.602665833333333      -0.160119530253951     
   1.20333166666667       0.902998750000000      -0.170261211996329     
   1.20333166666667        1.20333166666667      -0.180890646730500     
   1.20333166666667        1.50366458333333      -0.191697104236700     
   1.20333166666667        1.80399750000000      -0.202617073499685     
   1.20333166666667        2.10433041666667      -0.213729520908437     
   1.20333166666667        2.40466333333333      -0.224664385156412     
   1.20333166666667        2.70499625000000      -0.234464685698449     
   1.20333166666667        3.00532916666667      -0.242058362449813     
   1.20333166666667        3.30566208333333      -0.246631636469766     
   1.20333166666667        3.60599500000000      -0.248087754864831     
   1.20333166666667        3.90632791666667      -0.246615709393015     
   1.20333166666667        4.20666083333333      -0.242035881001253     
   1.20333166666667        4.50699375000000      -0.234444574379242     
   1.20333166666667        4.80732666666667      -0.224650696549599     
   1.20333166666667        5.10765958333333      -0.213722604245660     
   1.20333166666667        5.40799250000000      -0.202615140107249     
   1.20333166666667        5.70832541666667      -0.191696045313028     
   1.20333166666667        6.00865833333333      -0.180885813617952     
   1.20333166666667        6.30899125000000      -0.170250252684147     
   1.20333166666667        6.60932416666667      -0.160104889238443     
   1.20333166666667        6.90965708333333      -0.150609011069731     
   1.20333166666667        7.20999000000000      -0.140788686325729     
   1.50366458333333       2.000000000000000E-003 -0.142538760198398     
   1.50366458333333       0.302332916666667      -0.154088892764606     
   1.50366458333333       0.602665833333333      -0.165954970164677     
   1.50366458333333       0.902998750000000      -0.178504038441785     
   1.50366458333333        1.20333166666667      -0.191696725817204     
   1.50366458333333        1.50366458333333      -0.205299174551693     
   1.50366458333333        1.80399750000000      -0.219222809381858     
   1.50366458333333        2.10433041666667      -0.233425162231754     
   1.50366458333333        2.40466333333333      -0.247256365318868     
   1.50366458333333        2.70499625000000      -0.259749169557467     
   1.50366458333333        3.00532916666667      -0.269766679048336     
   1.50366458333333        3.30566208333333      -0.276242353444660     
   1.50366458333333        3.60599500000000      -0.278473535256020     
   1.50366458333333        3.90632791666667      -0.276234069238668     
   1.50366458333333        4.20666083333333      -0.269754308265335     
   1.50366458333333        4.50699375000000      -0.259737824952986     
   1.50366458333333        4.80732666666667      -0.247249357354985     
   1.50366458333333        5.10765958333333      -0.233423127893053     
   1.50366458333333        5.40799250000000      -0.219224221555245     
   1.50366458333333        5.70832541666667      -0.205301310744141     
   1.50366458333333        6.00865833333333      -0.191695940892013     
   1.50366458333333        6.30899125000000      -0.178498268798687     
   1.50366458333333        6.60932416666667      -0.165945211682890     
   1.50366458333333        6.90965708333333      -0.154078226019411     
   1.50366458333333        7.20999000000000      -0.142529300764921     
   1.80399750000000       2.000000000000000E-003 -0.145605250402729     
   1.80399750000000       0.302332916666667      -0.158379409001497     
   1.80399750000000       0.602665833333333      -0.172041163443656     
   1.80399750000000       0.902998750000000      -0.186812097438446     
   1.80399750000000        1.20333166666667      -0.202616876120553     
   1.80399750000000        1.50366458333333      -0.219223094686061     
   1.80399750000000        1.80399750000000      -0.236448097865184     
   1.80399750000000        2.10433041666667      -0.253799333782950     
   1.80399750000000        2.40466333333333      -0.270513215537083     
   1.80399750000000        2.70499625000000      -0.285561298026069     
   1.80399750000000        3.00532916666667      -0.297685139034467     
   1.80399750000000        3.30566208333333      -0.305603482025577     
   1.80399750000000        3.60599500000000      -0.308358271953236     
   1.80399750000000        3.90632791666667      -0.305599254612787     
   1.80399750000000        4.20666083333333      -0.297678954697061     
   1.80399750000000        4.50699375000000      -0.285556256259068     
   1.80399750000000        4.80732666666667      -0.270511320988675     
   1.80399750000000        5.10765958333333      -0.253800603700111     
   1.80399750000000        5.40799250000000      -0.236450809644732     
   1.80399750000000        5.70832541666667      -0.219224792795462     
   1.80399750000000        6.00865833333333      -0.202615530802000     
   1.80399750000000        6.30899125000000      -0.186806409918001     
   1.80399750000000        6.60932416666667      -0.172031846512346     
   1.80399750000000        6.90965708333333      -0.158368721213853     
   1.80399750000000        7.20999000000000      -0.145595234044588     
   2.10433041666667       2.000000000000000E-003 -0.150113414770566     
   2.10433041666667       0.302332916666667      -0.163739033869303     
   2.10433041666667       0.602665833333333      -0.178670277133946     
   2.10433041666667       0.902998750000000      -0.195350326417985     
   2.10433041666667        1.20333166666667      -0.213730343229341     
   2.10433041666667        1.50366458333333      -0.233426736035606     
   2.10433041666667        1.80399750000000      -0.253800746397428     
   2.10433041666667        2.10433041666667      -0.274073223682355     
   2.10433041666667        2.40466333333333      -0.293346577094407     
   2.10433041666667        2.70499625000000      -0.310529409546463     
   2.10433041666667        3.00532916666667      -0.324298267973085     
   2.10433041666667        3.30566208333333      -0.333268636783288     
   2.10433041666667        3.60599500000000      -0.336386486179086     
   2.10433041666667        3.90632791666667      -0.333266896685858     
   2.10433041666667        4.20666083333333      -0.324296108071113     
   2.10433041666667        4.50699375000000      -0.310528404519703     
   2.10433041666667        4.80732666666667      -0.293347509312197     
   2.10433041666667        5.10765958333333      -0.274075429598924     
   2.10433041666667        5.40799250000000      -0.253802284789941     
   2.10433041666667        5.70832541666667      -0.233425287464641     
   2.10433041666667        6.00865833333333      -0.213724364978247     
   2.10433041666667        6.30899125000000      -0.195339770758539     
   2.10433041666667        6.60932416666667      -0.178657001013081     
   2.10433041666667        6.90965708333333      -0.163726484801890     
   2.10433041666667        7.20999000000000      -0.150104996150256     
   2.40466333333333       2.000000000000000E-003 -0.156194355028520     
   2.40466333333333       0.302332916666667      -0.170002897599826     
   2.40466333333333       0.602665833333333      -0.185543715340853     
   2.40466333333333       0.902998750000000      -0.203817259883583     
   2.40466333333333        1.20333166666667      -0.224666837678111     
   2.40466333333333        1.50366458333333      -0.247260171210296     
   2.40466333333333        1.80399750000000      -0.270517127331312     
   2.40466333333333        2.10433041666667      -0.293349115297147     
   2.40466333333333        2.40466333333333      -0.314704704292512     
   2.40466333333333        2.70499625000000      -0.333463835251790     
   2.40466333333333        3.00532916666667      -0.348335111213142     
   2.40466333333333        3.30566208333333      -0.357957978753983     
   2.40466333333333        3.60599500000000      -0.361290626431207     
   2.40466333333333        3.90632791666667      -0.357957792090839     
   2.40466333333333        4.20666083333333      -0.348335168538209     
   2.40466333333333        4.50699375000000      -0.333464784290682     
   2.40466333333333        4.80732666666667      -0.314706366187814     
   2.40466333333333        5.10765958333333      -0.293350248250414     
   2.40466333333333        5.40799250000000      -0.270515712702174     
   2.40466333333333        5.70832541666667      -0.247254013287635     
   2.40466333333333        6.00865833333333      -0.224654442983103     
   2.40466333333333        6.30899125000000      -0.203798479556426     
   2.40466333333333        6.60932416666667      -0.185521235462217     
   2.40466333333333        6.90965708333333      -0.169983954477132     
   2.40466333333333        7.20999000000000      -0.156187773941146     
   2.70499625000000       2.000000000000000E-003 -0.163444338642702     
   2.70499625000000       0.302332916666667      -0.176283095385888     
   2.70499625000000       0.602665833333333      -0.191502547497846     
   2.70499625000000       0.902998750000000      -0.211221649275755     
   2.70499625000000        1.20333166666667      -0.234468863130641     
   2.70499625000000        1.50366458333333      -0.259755697366692     
   2.70499625000000        1.80399750000000      -0.285568326417728     
   2.70499625000000        2.10433041666667      -0.310535071280933     
   2.70499625000000        2.40466333333333      -0.333466861148446     
   2.70499625000000        2.70499625000000      -0.353249550618403     
   2.70499625000000        3.00532916666667      -0.368720153925152     
   2.70499625000000        3.30566208333333      -0.378668192042573     
   2.70499625000000        3.60599500000000      -0.382110091262940     
   2.70499625000000        3.90632791666667      -0.378668648754386     
   2.70499625000000        4.20666083333333      -0.368721123142998     
   2.70499625000000        4.50699375000000      -0.353250960044722     
   2.70499625000000        4.80732666666667      -0.333467961788090     
   2.70499625000000        5.10765958333333      -0.310534438003929     
   2.70499625000000        5.40799250000000      -0.285563969686354     
   2.70499625000000        5.70832541666667      -0.259745455619400     
   2.70499625000000        6.00865833333333      -0.234450384938001     
   2.70499625000000        6.30899125000000      -0.211192202348801     
   2.70499625000000        6.60932416666667      -0.191464470207483     
   2.70499625000000        6.90965708333333      -0.176252121343492     
   2.70499625000000        7.20999000000000      -0.163439156720600     
   3.00532916666667       2.000000000000000E-003 -0.170162395896372     
   3.00532916666667       0.302332916666667      -0.180545290752345     
   3.00532916666667       0.602665833333333      -0.194631599653608     
   3.00532916666667       0.902998750000000      -0.216154274706292     
   3.00532916666667        1.20333166666667      -0.242063597361750     
   3.00532916666667        1.50366458333333      -0.269775703696367     
   3.00532916666667        1.80399750000000      -0.297695157842020     
   3.00532916666667        2.10433041666667      -0.324306888770424     
   3.00532916666667        2.40466333333333      -0.348340892941915     
   3.00532916666667        2.70499625000000      -0.368722770880989     
   3.00532916666667        3.00532916666667      -0.384483214736180     
   3.00532916666667        3.30566208333333      -0.394625149781449     
   3.00532916666667        3.60599500000000      -0.398160397809417     
   3.00532916666667        3.90632791666667      -0.394625683371870     
   3.00532916666667        4.20666083333333      -0.384484216363857     
   3.00532916666667        4.50699375000000      -0.368723846628294     
   3.00532916666667        4.80732666666667      -0.348341186198320     
   3.00532916666667        5.10765958333333      -0.324305196071411     
   3.00532916666667        5.40799250000000      -0.297689820990584     
   3.00532916666667        5.70832541666667      -0.269764680358362     
   3.00532916666667        6.00865833333333      -0.242043065821434     
   3.00532916666667        6.30899125000000      -0.216117890541951     
   3.00532916666667        6.60932416666667      -0.194581314093122     
   3.00532916666667        6.90965708333333      -0.180501222691492     
   3.00532916666667        7.20999000000000      -0.170159470287464     
   3.30566208333333       2.000000000000000E-003 -0.172732031310791     
   3.30566208333333       0.302332916666667      -0.180314603021259     
   3.30566208333333       0.602665833333333      -0.193782906854508     
   3.30566208333333       0.902998750000000      -0.217964631784617     
   3.30566208333333        1.20333166666667      -0.246636916595948     
   3.30566208333333        1.50366458333333      -0.276253030712810     
   3.30566208333333        1.80399750000000      -0.305615624111961     
   3.30566208333333        2.10433041666667      -0.333279345056526     
   3.30566208333333        2.40466333333333      -0.357965640516865     
   3.30566208333333        2.70499625000000      -0.378672509966023     
   3.30566208333333        3.00532916666667      -0.394626774541879     
   3.30566208333333        3.30566208333333      -0.405007931132937     
   3.30566208333333        3.60599500000000      -0.408692320582002     
   3.30566208333333        3.90632791666667      -0.405008344495785     
   3.30566208333333        4.20666083333333      -0.394627427536405     
   3.30566208333333        4.50699375000000      -0.378673113298402     
   3.30566208333333        4.80732666666667      -0.357965766164458     
   3.30566208333333        5.10765958333333      -0.333278206883478     
   3.30566208333333        5.40799250000000      -0.305612380175681     
   3.30566208333333        5.70832541666667      -0.276246276143929     
   3.30566208333333        6.00865833333333      -0.246623173266093     
   3.30566208333333        6.30899125000000      -0.217938472894098     
   3.30566208333333        6.60932416666667      -0.193742156682263     
   3.30566208333333        6.90965708333333      -0.180272345501120     
   3.30566208333333        7.20999000000000      -0.172733700170788     
   3.60599500000000       2.000000000000000E-003 -0.172326136737900     
   3.60599500000000       0.302332916666667      -0.178491787846745     
   3.60599500000000       0.602665833333333      -0.192251494034059     
   3.60599500000000       0.902998750000000      -0.218113436009375     
   3.60599500000000        1.20333166666667      -0.248092863827156     
   3.60599500000000        1.50366458333333      -0.278484768153738     
   3.60599500000000        1.80399750000000      -0.308371169621357     
   3.60599500000000        2.10433041666667      -0.336397933161518     
   3.60599500000000        2.40466333333333      -0.361298937639710     
   3.60599500000000        2.70499625000000      -0.382114976074106     
   3.60599500000000        3.00532916666667      -0.398162544820126     
   3.60599500000000        3.30566208333333      -0.408692830436360     
   3.60599500000000        3.60599500000000      -0.412476709726539     
   3.60599500000000        3.90632791666667      -0.408692833803519     
   3.60599500000000        4.20666083333333      -0.398162649444646     
   3.60599500000000        4.50699375000000      -0.382115133267449     
   3.60599500000000        4.80732666666667      -0.361299308670429     
   3.60599500000000        5.10765958333333      -0.336398606328830     
   3.60599500000000        5.40799250000000      -0.308372250725419     
   3.60599500000000        5.70832541666667      -0.278486385467266     
   3.60599500000000        6.00865833333333      -0.248095150013264     
   3.60599500000000        6.30899125000000      -0.218116605346885     
   3.60599500000000        6.60932416666667      -0.192255695772944     
   3.60599500000000        6.90965708333333      -0.178497090945129     
   3.60599500000000        7.20999000000000      -0.172333710171470     
   3.90632791666667       2.000000000000000E-003 -0.172726740918397     
   3.90632791666667       0.302332916666667      -0.180267304136821     
   3.90632791666667       0.602665833333333      -0.193738144533048     
   3.90632791666667       0.902998750000000      -0.217935458806137     
   3.90632791666667        1.20333166666667      -0.246621019294026     
   3.90632791666667        1.50366458333333      -0.276244739796550     
   3.90632791666667        1.80399750000000      -0.305611372054811     
   3.90632791666667        2.10433041666667      -0.333277570605750     
   3.90632791666667        2.40466333333333      -0.357965412802722     
   3.90632791666667        2.70499625000000      -0.378672919236546     
   3.90632791666667        3.00532916666667      -0.394627253970690     
   3.90632791666667        3.30566208333333      -0.405008284432914     
   3.90632791666667        3.60599500000000      -0.408692261102023     
   3.90632791666667        3.90632791666667      -0.405008054703199     
   3.90632791666667        4.20666083333333      -0.394626899022452     
   3.90632791666667        4.50699375000000      -0.378672731224943     
   3.90632791666667        4.80732666666667      -0.357966095563663     
   3.90632791666667        5.10765958333333      -0.333280060231909     
   3.90632791666667        5.40799250000000      -0.305616708733712     
   3.90632791666667        5.70832541666667      -0.276254636573880     
   3.90632791666667        6.00865833333333      -0.246639115757657     
   3.90632791666667        6.30899125000000      -0.217967641792135     
   3.90632791666667        6.60932416666667      -0.193786834969188     
   3.90632791666667        6.90965708333333      -0.180319645891326     
   3.90632791666667        7.20999000000000      -0.172739091348884     
   4.20666083333333       2.000000000000000E-003 -0.170153659463341     
   4.20666083333333       0.302332916666667      -0.180496917914340     
   4.20666083333333       0.602665833333333      -0.194577931211180     
   4.20666083333333       0.902998750000000      -0.216115280739915     
   4.20666083333333        1.20333166666667      -0.242041152487697     
   4.20666083333333        1.50366458333333      -0.269763314568625     
   4.20666083333333        1.80399750000000      -0.297688926747853     
   4.20666083333333        2.10433041666667      -0.324304666498449     
   4.20666083333333        2.40466333333333      -0.348340876886177     
   4.20666083333333        2.70499625000000      -0.368723655660843     
   4.20666083333333        3.00532916666667      -0.384484119592741     
   4.20666083333333        3.30566208333333      -0.394625694340873     
   4.20666083333333        3.60599500000000      -0.398160387183117     
   4.20666083333333        3.90632791666667      -0.394625215926806     
   4.20666083333333        4.20666083333333      -0.384483327460422     
   4.20666083333333        4.50699375000000      -0.368723010171503     
   4.20666083333333        4.80732666666667      -0.348341293212604     
   4.20666083333333        5.10765958333333      -0.324307596401735     
   4.20666083333333        5.40799250000000      -0.297696196962614     
   4.20666083333333        5.70832541666667      -0.269777195894208     
   4.20666083333333        6.00865833333333      -0.242065604827910     
   4.20666083333333        6.30899125000000      -0.216156947112870     
   4.20666083333333        6.60932416666667      -0.194635099154930     
   4.20666083333333        6.90965708333333      -0.180549930105720     
   4.20666083333333        7.20999000000000      -0.170168797176456     
   4.50699375000000       2.000000000000000E-003 -0.163434460833409     
   4.50699375000000       0.302332916666667      -0.176248550852544     
   4.50699375000000       0.602665833333333      -0.191461674122681     
   4.50699375000000       0.902998750000000      -0.211190030229554     
   4.50699375000000        1.20333166666667      -0.234448772706478     
   4.50699375000000        1.50366458333333      -0.259744319970645     
   4.50699375000000        1.80399750000000      -0.285563222946498     
   4.50699375000000        2.10433041666667      -0.310533988729567     
   4.50699375000000        2.40466333333333      -0.333467721236788     
   4.50699375000000        2.70499625000000      -0.353250858429203     
   4.50699375000000        3.00532916666667      -0.368721112270052     
   4.50699375000000        3.30566208333333      -0.378668661128393     
   4.50699375000000        3.60599500000000      -0.382110101550210     
   4.50699375000000        3.90632791666667      -0.378668311902377     
   4.50699375000000        4.20666083333333      -0.368720343090192     
   4.50699375000000        4.50699375000000      -0.353249879583232     
   4.50699375000000        4.80732666666667      -0.333467355691688     
   4.50699375000000        5.10765958333333      -0.310535732167651     
   4.50699375000000        5.40799250000000      -0.285569301432745     
   4.50699375000000        5.70832541666667      -0.259757010678393     
   4.50699375000000        6.00865833333333      -0.234470624608299     
   4.50699375000000        6.30899125000000      -0.211223984110606     
   4.50699375000000        6.60932416666667      -0.191505590015595     
   4.50699375000000        6.90965708333333      -0.176287132736146     
   4.50699375000000        7.20999000000000      -0.163449685397106     
   4.80732666666667       2.000000000000000E-003 -0.156184201356339     
   4.80732666666667       0.302332916666667      -0.169981123899695     
   4.80732666666667       0.602665833333333      -0.185518994175504     
   4.80732666666667       0.902998750000000      -0.203796741767427     
   4.80732666666667        1.20333166666667      -0.224653147521079     
   4.80732666666667        1.50366458333333      -0.247253121106331     
   4.80732666666667        1.80399750000000      -0.270515169230751     
   4.80732666666667        2.10433041666667      -0.293349973440689     
   4.80732666666667        2.40466333333333      -0.314706284666736     
   4.80732666666667        2.70499625000000      -0.333464844021337     
   4.80732666666667        3.00532916666667      -0.348335296574665     
   4.80732666666667        3.30566208333333      -0.357957976033102     
   4.80732666666667        3.60599500000000      -0.361290849288951     
   4.80732666666667        3.90632791666667      -0.357958315201898     
   4.80732666666667        4.20666083333333      -0.348335429815048     
   4.80732666666667        4.50699375000000      -0.333464289587255     
   4.80732666666667        4.80732666666667      -0.314705221512285     
   4.80732666666667        5.10765958333333      -0.293349784500315     
   4.80732666666667        5.40799250000000      -0.270518003352844     
   4.80732666666667        5.70832541666667      -0.247261289256722     
   4.80732666666667        6.00865833333333      -0.224668314191671     
   4.80732666666667        6.30899125000000      -0.203819165355529     
   4.80732666666667        6.60932416666667      -0.185546183583351     
   4.80732666666667        6.90965708333333      -0.170006090038216     
   4.80732666666667        7.20999000000000      -0.156198391669995     
   5.10765958333333       2.000000000000000E-003 -0.150102553159563     
   5.10765958333333       0.302332916666667      -0.163724424671921     
   5.10765958333333       0.602665833333333      -0.178655330439954     
   5.10765958333333       0.902998750000000      -0.195338466339226     
   5.10765958333333        1.20333166666667      -0.213723410257597     
   5.10765958333333        1.50366458333333      -0.233424662439276     
   5.10765958333333        1.80399750000000      -0.253801968078362     
   5.10765958333333        2.10433041666667      -0.274075380598804     
   5.10765958333333        2.40466333333333      -0.293347661949214     
   5.10765958333333        2.70499625000000      -0.310528724729669     
   5.10765958333333        3.00532916666667      -0.324296511908749     
   5.10765958333333        3.30566208333333      -0.333267414291400     
   5.10765958333333        3.60599500000000      -0.336387048471277     
   5.10765958333333        3.90632791666667      -0.333269250979935     
   5.10765958333333        4.20666083333333      -0.324298890293952     
   5.10765958333333        4.50699375000000      -0.310530008940672     
   5.10765958333333        4.80732666666667      -0.293347215115623     
   5.10765958333333        5.10765958333333      -0.274073928298243     
   5.10765958333333        5.40799250000000      -0.253801569167301     
   5.10765958333333        5.70832541666667      -0.233427693034938     
   5.10765958333333        6.00865833333333      -0.213731520311074     
   5.10765958333333        6.30899125000000      -0.195351795959615     
   5.10765958333333        6.60932416666667      -0.178672109864150     
   5.10765958333333        6.90965708333333      -0.163741309310415     
   5.10765958333333        7.20999000000000      -0.150116101156639     
   5.40799250000000       2.000000000000000E-003 -0.145593801662722     
   5.40799250000000       0.302332916666667      -0.158367378410950     
   5.40799250000000       0.602665833333333      -0.172030703128560     
   5.40799250000000       0.902998750000000      -0.186805523663047     
   5.40799250000000        1.20333166666667      -0.202614922849009     
   5.40799250000000        1.50366458333333      -0.219224483726547     
   5.40799250000000        1.80399750000000      -0.236450793382380     
   5.40799250000000        2.10433041666667      -0.253800868621684     
   5.40799250000000        2.40466333333333      -0.270511810920690     
   5.40799250000000        2.70499625000000      -0.285556960163422     
   5.40799250000000        3.00532916666667      -0.297679819591717     
   5.40799250000000        3.30566208333333      -0.305600239565598     
   5.40799250000000        3.60599500000000      -0.308359324053078     
   5.40799250000000        3.90632791666667      -0.305604523609742     
   5.40799250000000        4.20666083333333      -0.297686122484503     
   5.40799250000000        4.50699375000000      -0.285562215037464     
   5.40799250000000        4.80732666666667      -0.270514044668432     
   5.40799250000000        5.10765958333333      -0.253800131045654     
   5.40799250000000        5.40799250000000      -0.236448873916877     
   5.40799250000000        5.70832541666667      -0.219223878448398     
   5.40799250000000        6.00865833333333      -0.202617758660952     
   5.40799250000000        6.30899125000000      -0.186813129625692     
   5.40799250000000        6.60932416666667      -0.172042374208228     
   5.40799250000000        6.90965708333333      -0.158380786099912     
   5.40799250000000        7.20999000000000      -0.145606699972856     
   5.70832541666667       2.000000000000000E-003 -0.142528710107034     
   5.70832541666667       0.302332916666667      -0.154077522080786     
   5.70832541666667       0.602665833333333      -0.165944546573963     
   5.70832541666667       0.902998750000000      -0.178497757568029     
   5.70832541666667        1.20333166666667      -0.191695650148206     
   5.70832541666667        1.50366458333333      -0.205301311812141     
   5.70832541666667        1.80399750000000      -0.219224534953573     
   5.70832541666667        2.10433041666667      -0.233423770488585     
   5.70832541666667        2.40466333333333      -0.247250294520644     
   5.70832541666667        2.70499625000000      -0.259739042647933     
   5.70832541666667        3.00532916666667      -0.269755788705028     
   5.70832541666667        3.30566208333333      -0.276235730424175     
   5.70832541666667        3.60599500000000      -0.278475255448977     
   5.70832541666667        3.90632791666667      -0.276244015887888     
   5.70832541666667        4.20666083333333      -0.269768177237298     
   5.70832541666667        4.50699375000000      -0.259750452125867     
   5.70832541666667        4.80732666666667      -0.247257437351804     
   5.70832541666667        5.10765958333333      -0.233426077184431     
   5.70832541666667        5.40799250000000      -0.219223567891677     
   5.70832541666667        5.70832541666667      -0.205299857695770     
   5.70832541666667        6.00865833333333      -0.191697364258168     
   5.70832541666667        6.30899125000000      -0.178504675619282     
   5.70832541666667        6.60932416666667      -0.165955623875005     
   5.70832541666667        6.90965708333333      -0.154089505294133     
   5.70832541666667        7.20999000000000      -0.142539203734428     
   6.00865833333333       2.000000000000000E-003 -0.140788718752536     
   6.00865833333333       0.302332916666667      -0.150608836041433     
   6.00865833333333       0.602665833333333      -0.160104654744067     
   6.00865833333333       0.902998750000000      -0.170250068182391     
   6.00865833333333        1.20333166666667      -0.180885817005985     
   6.00865833333333        1.50366458333333      -0.191696353884944     
   6.00865833333333        1.80399750000000      -0.202615805427971     
   6.00865833333333        2.10433041666667      -0.213723666548810     
   6.00865833333333        2.40466333333333      -0.224652163808020     
   6.00865833333333        2.70499625000000      -0.234446435801307     
   6.00865833333333        3.00532916666667      -0.242038113499114     
   6.00865833333333        3.30566208333333      -0.246618207465511     
   6.00865833333333        3.60599500000000      -0.248090337959313     
   6.00865833333333        3.90632791666667      -0.246634032616923     
   6.00865833333333        4.20666083333333      -0.242060459816688     
   6.00865833333333        4.50699375000000      -0.234466456780764     
   6.00865833333333        4.80732666666667      -0.224665826111773     
   6.00865833333333        5.10765958333333      -0.213730645499035     
   6.00865833333333        5.40799250000000      -0.202617905872782     
   6.00865833333333        5.70832541666667      -0.191697715584273     
   6.00865833333333        6.00865833333333      -0.180891095309346     
   6.00865833333333        6.30899125000000      -0.170261543515882     
   6.00865833333333        6.60932416666667      -0.160119733786580     
   6.00865833333333        6.90965708333333      -0.150620571862632     
   6.00865833333333        7.20999000000000      -0.140792845263164     
   6.30899125000000       2.000000000000000E-003 -0.140147782024125     
   6.30899125000000       0.302332916666667      -0.147196027582654     
   6.30899125000000       0.602665833333333      -0.153835376219754     
   6.30899125000000       0.902998750000000      -0.161885385902324     
   6.30899125000000        1.20333166666667      -0.170250753673649     
   6.30899125000000        1.50366458333333      -0.178499156895698     
   6.30899125000000        1.80399750000000      -0.186807308229233     
   6.30899125000000        2.10433041666667      -0.195340130861996     
   6.30899125000000        2.40466333333333      -0.203798113929812     
   6.30899125000000        2.70499625000000      -0.211191731896135     
   6.30899125000000        3.00532916666667      -0.216118939885331     
   6.30899125000000        3.30566208333333      -0.217942211209307     
   6.30899125000000        3.60599500000000      -0.218121754630485     
   6.30899125000000        3.90632791666667      -0.217971205436495     
   6.30899125000000        4.20666083333333      -0.216157715386934     
   6.30899125000000        4.50699375000000      -0.211223208454562     
   6.30899125000000        4.80732666666667      -0.203818515841519     
   6.30899125000000        5.10765958333333      -0.195351903152671     
   6.30899125000000        5.40799250000000      -0.186813825225048     
   6.30899125000000        5.70832541666667      -0.178505433396759     
   6.30899125000000        6.00865833333333      -0.170261979641395     
   6.30899125000000        6.30899125000000      -0.161904580987876     
   6.30899125000000        6.60932416666667      -0.153858685670996     
   6.30899125000000        6.90965708333333      -0.147208706910353     
   6.30899125000000        7.20999000000000      -0.140138885130629     
   6.60932416666667       2.000000000000000E-003 -0.139682371906532     
   6.60932416666667       0.302332916666667      -0.142178009075865     
   6.60932416666667       0.602665833333333      -0.146852274129315     
   6.60932416666667       0.902998750000000      -0.153835688661426     
   6.60932416666667        1.20333166666667      -0.160105578262898     
   6.60932416666667        1.50366458333333      -0.165946150483593     
   6.60932416666667        1.80399750000000      -0.172032871005893     
   6.60932416666667        2.10433041666667      -0.178657927281633     
   6.60932416666667        2.40466333333333      -0.185522184017133     
   6.60932416666667        2.70499625000000      -0.191466567490704     
   6.60932416666667        3.00532916666667      -0.194586846282795     
   6.60932416666667        3.30566208333333      -0.193753257550582     
   6.60932416666667        3.60599500000000      -0.192269970794855     
   6.60932416666667        3.90632791666667      -0.193797703483793     
   6.60932416666667        4.20666083333333      -0.194640280279915     
   6.60932416666667        4.50699375000000      -0.191507305853908     
   6.60932416666667        4.80732666666667      -0.185546780483127     
   6.60932416666667        5.10765958333333      -0.178672712220905     
   6.60932416666667        5.40799250000000      -0.172043125341834     
   6.60932416666667        5.70832541666667      -0.165956359562916     
   6.60932416666667        6.00865833333333      -0.160120286333790     
   6.60932416666667        6.30899125000000      -0.153858965067833     
   6.60932416666667        6.60932416666667      -0.146883290816527     
   6.60932416666667        6.90965708333333      -0.142196591703910     
   6.60932416666667        7.20999000000000      -0.139657483674056     
   6.90965708333333       2.000000000000000E-003 -0.136145479677126     
   6.90965708333333       0.302332916666667      -0.136175430572041     
   6.90965708333333       0.602665833333333      -0.142177697608887     
   6.90965708333333       0.902998750000000      -0.147196109575059     
   6.90965708333333        1.20333166666667      -0.150609399944831     
   6.90965708333333        1.50366458333333      -0.154078649614106     
   6.90965708333333        1.80399750000000      -0.158369196912011     
   6.90965708333333        2.10433041666667      -0.163727067646260     
   6.90965708333333        2.40466333333333      -0.169984838144437     
   6.90965708333333        2.70499625000000      -0.176254131225047     
   6.90965708333333        3.00532916666667      -0.180506418041538     
   6.90965708333333        3.30566208333333      -0.180283501339171     
   6.90965708333333        3.60599500000000      -0.178512516694299     
   6.90965708333333        3.90632791666667      -0.180330553575167     
   6.90965708333333        4.20666083333333      -0.180554777764861     
   6.90965708333333        4.50699375000000      -0.176288755236953     
   6.90965708333333        4.80732666666667      -0.170006585901235     
   6.90965708333333        5.10765958333333      -0.163741522384156     
   6.90965708333333        5.40799250000000      -0.158380933191074     
   6.90965708333333        5.70832541666667      -0.154089658728824     
   6.90965708333333        6.00865833333333      -0.150620746522812     
   6.90965708333333        6.30899125000000      -0.147208868518651     
   6.90965708333333        6.60932416666667      -0.142196669737254     
   6.90965708333333        6.90965708333333      -0.136205303779780     
   6.90965708333333        7.20999000000000      -0.136135179048148     
   7.20999000000000       2.000000000000000E-003 -0.128885673015936     
   7.20999000000000       0.302332916666667      -0.136144780784806     
   7.20999000000000       0.602665833333333      -0.139681697794549     
   7.20999000000000       0.902998750000000      -0.140147297057904     
   7.20999000000000        1.20333166666667      -0.140788478049334     
   7.20999000000000        1.50366458333333      -0.142528895339728     
   7.20999000000000        1.80399750000000      -0.145594728044218     
   7.20999000000000        2.10433041666667      -0.150104542489004     
   7.20999000000000        2.40466333333333      -0.156187448011639     
   7.20999000000000        2.70499625000000      -0.163439329042056     
   7.20999000000000        3.00532916666667      -0.170161491261675     
   7.20999000000000        3.30566208333333      -0.172739650378081     
   7.20999000000000        3.60599500000000      -0.172342765773935     
   7.20999000000000        3.90632791666667      -0.172744917423090     
   7.20999000000000        4.20666083333333      -0.170170592995327     
   7.20999000000000        4.50699375000000      -0.163449545186602     
   7.20999000000000        4.80732666666667      -0.156197702059370     
   7.20999000000000        5.10765958333333      -0.150115269577940     
   7.20999000000000        5.40799250000000      -0.145605842004226     
   7.20999000000000        5.70832541666667      -0.142538487618524     
   7.20999000000000        6.00865833333333      -0.140792359621271     
   7.20999000000000        6.30899125000000      -0.140138583888858     
   7.20999000000000        6.60932416666667      -0.139657200666914     
   7.20999000000000        6.90965708333333      -0.136134960729027     
   7.20999000000000        7.20999000000000      -0.128908581084820     
