  2.000000000000000E-003  2.000000000000000E-003 -0.182027428525850     
  2.000000000000000E-003  0.302332916666667      -0.187355615209719     
  2.000000000000000E-003  0.602665833333333      -0.186356555003232     
  2.000000000000000E-003  0.902998750000000      -0.181583452178009     
  2.000000000000000E-003   1.20333166666667      -0.177201681645399     
  2.000000000000000E-003   1.50366458333333      -0.173771111616907     
  2.000000000000000E-003   1.80399750000000      -0.171041209129866     
  2.000000000000000E-003   2.10433041666667      -0.168813678705865     
  2.000000000000000E-003   2.40466333333333      -0.166916789567357     
  2.000000000000000E-003   2.70499625000000      -0.165087559527485     
  2.000000000000000E-003   3.00532916666667      -0.163073803610343     
  2.000000000000000E-003   3.30566208333333      -0.160057860692931     
  2.000000000000000E-003   3.60599500000000      -0.155425061889314     
  2.000000000000000E-003   3.90632791666667      -0.149278671754695     
  2.000000000000000E-003   4.20666083333333      -0.141751398590124     
  2.000000000000000E-003   4.50699375000000      -0.131891996721627     
  2.000000000000000E-003   4.80732666666667      -0.122414217928504     
  2.000000000000000E-003   5.10765958333333      -0.114406628957280     
  2.000000000000000E-003   5.40799250000000      -0.108073619333431     
  2.000000000000000E-003   5.70832541666667      -0.103209309113275     
  2.000000000000000E-003   6.00865833333333      -9.956695262106505E-002
  2.000000000000000E-003   6.30899125000000      -9.683516969278766E-002
  2.000000000000000E-003   6.60932416666667      -9.441427349917433E-002
  2.000000000000000E-003   6.90965708333333      -9.081437972013547E-002
  2.000000000000000E-003   7.20999000000000      -8.570182171859447E-002
  0.302332916666667       2.000000000000000E-003 -0.198214928889710     
  0.302332916666667       0.302332916666667      -0.189866562985756     
  0.302332916666667       0.602665833333333      -0.191518243393614     
  0.302332916666667       0.902998750000000      -0.193658941252012     
  0.302332916666667        1.20333166666667      -0.192834601621583     
  0.302332916666667        1.50366458333333      -0.190889237430245     
  0.302332916666667        1.80399750000000      -0.188658632899274     
  0.302332916666667        2.10433041666667      -0.186339026629248     
  0.302332916666667        2.40466333333333      -0.183847382416488     
  0.302332916666667        2.70499625000000      -0.180675609094781     
  0.302332916666667        3.00532916666667      -0.176213429339468     
  0.302332916666667        3.30566208333333      -0.170147300660897     
  0.302332916666667        3.60599500000000      -0.163525917438135     
  0.302332916666667        3.90632791666667      -0.157062729551909     
  0.302332916666667        4.20666083333333      -0.149279174079725     
  0.302332916666667        4.50699375000000      -0.139761785064975     
  0.302332916666667        4.80732666666667      -0.130371214752922     
  0.302332916666667        5.10765958333333      -0.122040277216596     
  0.302332916666667        5.40799250000000      -0.115049216679369     
  0.302332916666667        5.70832541666667      -0.109350309118125     
  0.302332916666667        6.00865833333333      -0.104638912586277     
  0.302332916666667        6.30899125000000      -0.100439500757644     
  0.302332916666667        6.60932416666667      -9.598254332910801E-002
  0.302332916666667        6.90965708333333      -9.147827121497110E-002
  0.302332916666667        7.20999000000000      -8.876017375875454E-002
  0.602665833333333       2.000000000000000E-003 -0.207917906772795     
  0.602665833333333       0.302332916666667      -0.205178077243830     
  0.602665833333333       0.602665833333333      -0.203920591576180     
  0.602665833333333       0.902998750000000      -0.207260019696643     
  0.602665833333333        1.20333166666667      -0.209200858773271     
  0.602665833333333        1.50366458333333      -0.209224864766568     
  0.602665833333333        1.80399750000000      -0.207951350723969     
  0.602665833333333        2.10433041666667      -0.205792081600183     
  0.602665833333333        2.40466333333333      -0.202848259343885     
  0.602665833333333        2.70499625000000      -0.198674677870552     
  0.602665833333333        3.00532916666667      -0.192391248158351     
  0.602665833333333        3.30566208333333      -0.183919191382254     
  0.602665833333333        3.60599500000000      -0.174749800829284     
  0.602665833333333        3.90632791666667      -0.166242423846878     
  0.602665833333333        4.20666083333333      -0.157423549389980     
  0.602665833333333        4.50699375000000      -0.147837568273257     
  0.602665833333333        4.80732666666667      -0.138461538952179     
  0.602665833333333        5.10765958333333      -0.129741988243363     
  0.602665833333333        5.40799250000000      -0.122062321188506     
  0.602665833333333        5.70832541666667      -0.115417937327195     
  0.602665833333333        6.00865833333333      -0.109501484905140     
  0.602665833333333        6.30899125000000      -0.103937921887892     
  0.602665833333333        6.60932416666667      -9.853612407065451E-002
  0.602665833333333        6.90965708333333      -9.409869714009395E-002
  0.602665833333333        7.20999000000000      -9.003594159321844E-002
  0.902998750000000       2.000000000000000E-003 -0.210819740852848     
  0.902998750000000       0.302332916666667      -0.216883165529363     
  0.902998750000000       0.602665833333333      -0.219782574011781     
  0.902998750000000       0.902998750000000      -0.223975943291040     
  0.902998750000000        1.20333166666667      -0.227620400061547     
  0.902998750000000        1.50366458333333      -0.229384814294524     
  0.902998750000000        1.80399750000000      -0.229152593461045     
  0.902998750000000        2.10433041666667      -0.227256095538246     
  0.902998750000000        2.40466333333333      -0.224071049676149     
  0.902998750000000        2.70499625000000      -0.219143307977282     
  0.902998750000000        3.00532916666667      -0.211875797888259     
  0.902998750000000        3.30566208333333      -0.202180608991515     
  0.902998750000000        3.60599500000000      -0.191062160627013     
  0.902998750000000        3.90632791666667      -0.179691256330948     
  0.902998750000000        4.20666083333333      -0.168419030641807     
  0.902998750000000        4.50699375000000      -0.157443169894663     
  0.902998750000000        4.80732666666667      -0.147165621564571     
  0.902998750000000        5.10765958333333      -0.137702176475988     
  0.902998750000000        5.40799250000000      -0.129137410658661     
  0.902998750000000        5.70832541666667      -0.121468990686412     
  0.902998750000000        6.00865833333333      -0.114411604964744     
  0.902998750000000        6.30899125000000      -0.107800095611599     
  0.902998750000000        6.60932416666667      -0.101699704433374     
  0.902998750000000        6.90965708333333      -9.624076218066373E-002
  0.902998750000000        7.20999000000000      -9.059143604364564E-002
   1.20333166666667       2.000000000000000E-003 -0.214627930571203     
   1.20333166666667       0.302332916666667      -0.226081807491826     
   1.20333166666667       0.602665833333333      -0.234677435856258     
   1.20333166666667       0.902998750000000      -0.242275972748627     
   1.20333166666667        1.20333166666667      -0.248396687802020     
   1.20333166666667        1.50366458333333      -0.252023986553500     
   1.20333166666667        1.80399750000000      -0.252782376776387     
   1.20333166666667        2.10433041666667      -0.251181665732854     
   1.20333166666667        2.40466333333333      -0.247586413997152     
   1.20333166666667        2.70499625000000      -0.241611259380675     
   1.20333166666667        3.00532916666667      -0.233053106744643     
   1.20333166666667        3.30566208333333      -0.222005457154346     
   1.20333166666667        3.60599500000000      -0.209022794055146     
   1.20333166666667        3.90632791666667      -0.195100928453406     
   1.20333166666667        4.20666083333333      -0.181249413385779     
   1.20333166666667        4.50699375000000      -0.168255346772339     
   1.20333166666667        4.80732666666667      -0.156475759392187     
   1.20333166666667        5.10765958333333      -0.145870544043340     
   1.20333166666667        5.40799250000000      -0.136234438823732     
   1.20333166666667        5.70832541666667      -0.127429787965722     
   1.20333166666667        6.00865833333333      -0.119214954993598     
   1.20333166666667        6.30899125000000      -0.111519625821276     
   1.20333166666667        6.60932416666667      -0.104412316089644     
   1.20333166666667        6.90965708333333      -9.781306866316197E-002
   1.20333166666667        7.20999000000000      -9.125982334438268E-002
   1.50366458333333       2.000000000000000E-003 -0.222642067484609     
   1.50366458333333       0.302332916666667      -0.237877241607298     
   1.50366458333333       0.602665833333333      -0.251400581941001     
   1.50366458333333       0.902998750000000      -0.263290495600758     
   1.50366458333333        1.20333166666667      -0.272674419130838     
   1.50366458333333        1.50366458333333      -0.278393380647539     
   1.50366458333333        1.80399750000000      -0.280106827397876     
   1.50366458333333        2.10433041666667      -0.278422962330521     
   1.50366458333333        2.40466333333333      -0.273570661329105     
   1.50366458333333        2.70499625000000      -0.265777448279980     
   1.50366458333333        3.00532916666667      -0.255249162384923     
   1.50366458333333        3.30566208333333      -0.242214212212660     
   1.50366458333333        3.60599500000000      -0.227155882612054     
   1.50366458333333        3.90632791666667      -0.210964598062754     
   1.50366458333333        4.20666083333333      -0.194790869265852     
   1.50366458333333        4.50699375000000      -0.179659156958153     
   1.50366458333333        4.80732666666667      -0.166105761073326     
   1.50366458333333        5.10765958333333      -0.154089659804578     
   1.50366458333333        5.40799250000000      -0.143234240007047     
   1.50366458333333        5.70832541666667      -0.133198038636119     
   1.50366458333333        6.00865833333333      -0.123784270129970     
   1.50366458333333        6.30899125000000      -0.114958349565546     
   1.50366458333333        6.60932416666667      -0.106819660030040     
   1.50366458333333        6.90965708333333      -9.932897980196111E-002
   1.50366458333333        7.20999000000000      -9.223000979012927E-002
   1.80399750000000       2.000000000000000E-003 -0.236582031639329     
   1.80399750000000       0.302332916666667      -0.255341522347843     
   1.80399750000000       0.602665833333333      -0.273265512960903     
   1.80399750000000       0.902998750000000      -0.289521315535874     
   1.80399750000000        1.20333166666667      -0.302461031093489     
   1.80399750000000        1.50366458333333      -0.310445104388180     
   1.80399750000000        1.80399750000000      -0.312849772254242     
   1.80399750000000        2.10433041666667      -0.309834819822503     
   1.80399750000000        2.40466333333333      -0.302279418427005     
   1.80399750000000        2.70499625000000      -0.291334859913834     
   1.80399750000000        3.00532916666667      -0.277868202243162     
   1.80399750000000        3.30566208333333      -0.262317302550922     
   1.80399750000000        3.60599500000000      -0.245023661131748     
   1.80399750000000        3.90632791666667      -0.226652995896385     
   1.80399750000000        4.20666083333333      -0.208276707720389     
   1.80399750000000        4.50699375000000      -0.191032096240941     
   1.80399750000000        4.80732666666667      -0.175629408669672     
   1.80399750000000        5.10765958333333      -0.162097885816856     
   1.80399750000000        5.40799250000000      -0.149967899662491     
   1.80399750000000        5.70832541666667      -0.138719963120904     
   1.80399750000000        6.00865833333333      -0.128123145522629     
   1.80399750000000        6.30899125000000      -0.118222385874039     
   1.80399750000000        6.60932416666667      -0.109176776233866     
   1.80399750000000        6.90965708333333      -0.101013371363845     
   1.80399750000000        7.20999000000000      -9.352682114229452E-002
   2.10433041666667       2.000000000000000E-003 -0.257937518281150     
   2.10433041666667       0.302332916666667      -0.280612573620759     
   2.10433041666667       0.602665833333333      -0.302809504535059     
   2.10433041666667       0.902998750000000      -0.323265711089836     
   2.10433041666667        1.20333166666667      -0.339614022654443     
   2.10433041666667        1.50366458333333      -0.349516662234579     
   2.10433041666667        1.80399750000000      -0.351471820975336     
   2.10433041666667        2.10433041666667      -0.345612883574563     
   2.10433041666667        2.40466333333333      -0.333663374690558     
   2.10433041666667        2.70499625000000      -0.317964771375583     
   2.10433041666667        3.00532916666667      -0.300327282608982     
   2.10433041666667        3.30566208333333      -0.281541587071494     
   2.10433041666667        3.60599500000000      -0.261775664484227     
   2.10433041666667        3.90632791666667      -0.241312910875055     
   2.10433041666667        4.20666083333333      -0.220942290144581     
   2.10433041666667        4.50699375000000      -0.201760139846388     
   2.10433041666667        4.80732666666667      -0.184599595157642     
   2.10433041666667        5.10765958333333      -0.169593148337250     
   2.10433041666667        5.40799250000000      -0.156244138971897     
   2.10433041666667        5.70832541666667      -0.143909648920648     
   2.10433041666667        6.00865833333333      -0.132269529931694     
   2.10433041666667        6.30899125000000      -0.121424482933841     
   2.10433041666667        6.60932416666667      -0.111624135387868     
   2.10433041666667        6.90965708333333      -0.102950624494604     
   2.10433041666667        7.20999000000000      -9.515448835950237E-002
   2.40466333333333       2.000000000000000E-003 -0.288514890866109     
   2.40466333333333       0.302332916666667      -0.315567923826140     
   2.40466333333333       0.602665833333333      -0.341871500888958     
   2.40466333333333       0.902998750000000      -0.365424378466532     
   2.40466333333333        1.20333166666667      -0.383868635665842     
   2.40466333333333        1.50366458333333      -0.394358409571727     
   2.40466333333333        1.80399750000000      -0.394585029248086     
   2.40466333333333        2.10433041666667      -0.384534097077440     
   2.40466333333333        2.40466333333333      -0.366745265362614     
   2.40466333333333        2.70499625000000      -0.344899769746082     
   2.40466333333333        3.00532916666667      -0.321970951631704     
   2.40466333333333        3.30566208333333      -0.299257359917869     
   2.40466333333333        3.60599500000000      -0.276770040621669     
   2.40466333333333        3.90632791666667      -0.254300473725873     
   2.40466333333333        4.20666083333333      -0.232186497704097     
   2.40466333333333        4.50699375000000      -0.211335729248703     
   2.40466333333333        4.80732666666667      -0.192625738255974     
   2.40466333333333        5.10765958333333      -0.176290196549487     
   2.40466333333333        5.40799250000000      -0.161850599167558     
   2.40466333333333        5.70832541666667      -0.148587315486806     
   2.40466333333333        6.00865833333333      -0.136101671189733     
   2.40466333333333        6.30899125000000      -0.124506607437911     
   2.40466333333333        6.60932416666667      -0.114142194614215     
   2.40466333333333        6.90965708333333      -0.105114668552604     
   2.40466333333333        7.20999000000000      -9.710618656320526E-002
   2.70499625000000       2.000000000000000E-003 -0.328945251701825     
   2.70499625000000       0.302332916666667      -0.360840726718115     
   2.70499625000000       0.602665833333333      -0.391701557365352     
   2.70499625000000       0.902998750000000      -0.416400063197649     
   2.70499625000000        1.20333166666667      -0.432811885326520     
   2.70499625000000        1.50366458333333      -0.441388953184669     
   2.70499625000000        1.80399750000000      -0.438537490447068     
   2.70499625000000        2.10433041666667      -0.423445692788125     
   2.70499625000000        2.40466333333333      -0.399120795883204     
   2.70499625000000        2.70499625000000      -0.370483996397803     
   2.70499625000000        3.00532916666667      -0.341727963297977     
   2.70499625000000        3.30566208333333      -0.314767745024671     
   2.70499625000000        3.60599500000000      -0.289495517669227     
   2.70499625000000        3.90632791666667      -0.265158842500695     
   2.70499625000000        4.20666083333333      -0.241568626770597     
   2.70499625000000        4.50699375000000      -0.219359422412114     
   2.70499625000000        4.80732666666667      -0.199376350361078     
   2.70499625000000        5.10765958333333      -0.181926429824536     
   2.70499625000000        5.40799250000000      -0.166571409646480     
   2.70499625000000        5.70832541666667      -0.152549902139603     
   2.70499625000000        6.00865833333333      -0.139399179857416     
   2.70499625000000        6.30899125000000      -0.127236573874606     
   2.70499625000000        6.60932416666667      -0.116475456088614     
   2.70499625000000        6.90965708333333      -0.107318896371900     
   2.70499625000000        7.20999000000000      -9.934734656149773E-002
   3.00532916666667       2.000000000000000E-003 -0.374780394787379     
   3.00532916666667       0.302332916666667      -0.411754962971081     
   3.00532916666667       0.602665833333333      -0.446570143249410     
   3.00532916666667       0.902998750000000      -0.472450307848718     
   3.00532916666667        1.20333166666667      -0.481923046346784     
   3.00532916666667        1.50366458333333      -0.484640691545167     
   3.00532916666667        1.80399750000000      -0.477565521293559     
   3.00532916666667        2.10433041666667      -0.457429522868555     
   3.00532916666667        2.40466333333333      -0.427012132502813     
   3.00532916666667        2.70499625000000      -0.392119504442008     
   3.00532916666667        3.00532916666667      -0.358005667248492     
   3.00532916666667        3.30566208333333      -0.327187930601915     
   3.00532916666667        3.60599500000000      -0.299453110386446     
   3.00532916666667        3.90632791666667      -0.273518859156436     
   3.00532916666667        4.20666083333333      -0.248732282626262     
   3.00532916666667        4.50699375000000      -0.225481743459450     
   3.00532916666667        4.80732666666667      -0.204537003856854     
   3.00532916666667        5.10765958333333      -0.186237153828682     
   3.00532916666667        5.40799250000000      -0.170181255985264     
   3.00532916666667        5.70832541666667      -0.155584028842217     
   3.00532916666667        6.00865833333333      -0.141923293086517     
   3.00532916666667        6.30899125000000      -0.129299363586413     
   3.00532916666667        6.60932416666667      -0.118222541715354     
   3.00532916666667        6.90965708333333      -0.109161739390084     
   3.00532916666667        7.20999000000000      -0.101558668214968     
   3.30566208333333       2.000000000000000E-003 -0.410368704638474     
   3.30566208333333       0.302332916666667      -0.453956854665915     
   3.30566208333333       0.602665833333333      -0.492711165039880     
   3.30566208333333       0.902998750000000      -0.517791400267761     
   3.30566208333333        1.20333166666667      -0.521987532601995     
   3.30566208333333        1.50366458333333      -0.516115123049284     
   3.30566208333333        1.80399750000000      -0.504881006811225     
   3.30566208333333        2.10433041666667      -0.480879806781776     
   3.30566208333333        2.40466333333333      -0.446094385780859     
   3.30566208333333        2.70499625000000      -0.406779812338343     
   3.30566208333333        3.00532916666667      -0.368908598738984     
   3.30566208333333        3.30566208333333      -0.335432954091457     
   3.30566208333333        3.60599500000000      -0.306018900987607     
   3.30566208333333        3.90632791666667      -0.278948521884843     
   3.30566208333333        4.20666083333333      -0.253306014716204     
   3.30566208333333        4.50699375000000      -0.229356864190597     
   3.30566208333333        4.80732666666667      -0.207796885024415     
   3.30566208333333        5.10765958333333      -0.188959787784316     
   3.30566208333333        5.40799250000000      -0.172460071193151     
   3.30566208333333        5.70832541666667      -0.157492864814316     
   3.30566208333333        6.00865833333333      -0.143464902083339     
   3.30566208333333        6.30899125000000      -0.130477113339545     
   3.30566208333333        6.60932416666667      -0.119061955299463     
   3.30566208333333        6.90965708333333      -0.110100825825517     
   3.30566208333333        7.20999000000000      -0.102864670771709     
   3.60599500000000       2.000000000000000E-003 -0.420563302415289     
   3.60599500000000       0.302332916666667      -0.469984896388133     
   3.60599500000000       0.602665833333333      -0.511140263795005     
   3.60599500000000       0.902998750000000      -0.535515323260492     
   3.60599500000000        1.20333166666667      -0.537695386310965     
   3.60599500000000        1.50366458333333      -0.527806865649448     
   3.60599500000000        1.80399750000000      -0.514749088802701     
   3.60599500000000        2.10433041666667      -0.489277193734769     
   3.60599500000000        2.40466333333333      -0.452897960610385     
   3.60599500000000        2.70499625000000      -0.411987551231742     
   3.60599500000000        3.00532916666667      -0.372773777966802     
   3.60599500000000        3.30566208333333      -0.338368795942933     
   3.60599500000000        3.60599500000000      -0.308371169621359     
   3.60599500000000        3.90632791666667      -0.280872057887721     
   3.60599500000000        4.20666083333333      -0.254896726883254     
   3.60599500000000        4.50699375000000      -0.230690320340594     
   3.60599500000000        4.80732666666667      -0.208915113218661     
   3.60599500000000        5.10765958333333      -0.189894270925699     
   3.60599500000000        5.40799250000000      -0.173243108407247     
   3.60599500000000        5.70832541666667      -0.158147415916902     
   3.60599500000000        6.00865833333333      -0.143981240044605     
   3.60599500000000        6.30899125000000      -0.130846286567939     
   3.60599500000000        6.60932416666667      -0.119247283709082     
   3.60599500000000        6.90965708333333      -0.110390167318803     
   3.60599500000000        7.20999000000000      -0.103701428678985     
   3.90632791666667       2.000000000000000E-003 -0.410398037359977     
   3.90632791666667       0.302332916666667      -0.453951962205425     
   3.90632791666667       0.602665833333333      -0.492698116394658     
   3.90632791666667       0.902998750000000      -0.517781826323644     
   3.90632791666667        1.20333166666667      -0.521984261073327     
   3.90632791666667        1.50366458333333      -0.516115795211662     
   3.90632791666667        1.80399750000000      -0.504883681874866     
   3.90632791666667        2.10433041666667      -0.480884039787467     
   3.90632791666667        2.40466333333333      -0.446099951242356     
   3.90632791666667        2.70499625000000      -0.406786243194571     
   3.90632791666667        3.00532916666667      -0.368915457796079     
   3.90632791666667        3.30566208333333      -0.335439903982356     
   3.90632791666667        3.60599500000000      -0.306025595597356     
   3.90632791666667        3.90632791666667      -0.278954837645165     
   3.90632791666667        4.20666083333333      -0.253311856602227     
   3.90632791666667        4.50699375000000      -0.229362452203794     
   3.90632791666667        4.80732666666667      -0.207802711355383     
   3.90632791666667        5.10765958333333      -0.188966669357209     
   3.90632791666667        5.40799250000000      -0.172469106319417     
   3.90632791666667        5.70832541666667      -0.157505806767796     
   3.90632791666667        6.00865833333333      -0.143485775958540     
   3.90632791666667        6.30899125000000      -0.130512318660947     
   3.90632791666667        6.60932416666667      -0.119114885468656     
   3.90632791666667        6.90965708333333      -0.110157950967605     
   3.90632791666667        7.20999000000000      -0.102876894408391     
   4.20666083333333       2.000000000000000E-003 -0.374833987151581     
   4.20666083333333       0.302332916666667      -0.411771966891849     
   4.20666083333333       0.602665833333333      -0.446566901040069     
   4.20666083333333       0.902998750000000      -0.472445364239316     
   4.20666083333333        1.20333166666667      -0.481924305572742     
   4.20666083333333        1.50366458333333      -0.484646091139349     
   4.20666083333333        1.80399750000000      -0.477573697977279     
   4.20666083333333        2.10433041666667      -0.457440035772393     
   4.20666083333333        2.40466333333333      -0.427024371749679     
   4.20666083333333        2.70499625000000      -0.392132817028509     
   4.20666083333333        3.00532916666667      -0.358019379607713     
   4.20666083333333        3.30566208333333      -0.327201575353005     
   4.20666083333333        3.60599500000000      -0.299466300294712     
   4.20666083333333        3.90632791666667      -0.273531352997452     
   4.20666083333333        4.20666083333333      -0.248743909539564     
   4.20666083333333        4.50699375000000      -0.225492708189717     
   4.20666083333333        4.80732666666667      -0.204548056528829     
   4.20666083333333        5.10765958333333      -0.186249633773867     
   4.20666083333333        5.40799250000000      -0.170197023096651     
   4.20666083333333        5.70832541666667      -0.155605591323514     
   4.20666083333333        6.00865833333333      -0.141955098883987     
   4.20666083333333        6.30899125000000      -0.129348945642147     
   4.20666083333333        6.60932416666667      -0.118289159995226     
   4.20666083333333        6.90965708333333      -0.109224920212378     
   4.20666083333333        7.20999000000000      -0.101580134133945     
   4.50699375000000       2.000000000000000E-003 -0.328996735850992     
   4.50699375000000       0.302332916666667      -0.360870686736609     
   4.50699375000000       0.602665833333333      -0.391714587671301     
   4.50699375000000       0.902998750000000      -0.416409310504787     
   4.50699375000000        1.20333166666667      -0.432823566701115     
   4.50699375000000        1.50366458333333      -0.441403559829081     
   4.50699375000000        1.80399750000000      -0.438554707434000     
   4.50699375000000        2.10433041666667      -0.423464847556189     
   4.50699375000000        2.40466333333333      -0.399140962889572     
   4.50699375000000        2.70499625000000      -0.370504365972058     
   4.50699375000000        3.00532916666667      -0.341748062736547     
   4.50699375000000        3.30566208333333      -0.314787444041550     
   4.50699375000000        3.60599500000000      -0.289514759576533     
   4.50699375000000        3.90632791666667      -0.265177397428394     
   4.50699375000000        4.20666083333333      -0.241586134569162     
   4.50699375000000        4.50699375000000      -0.219375725370003     
   4.50699375000000        4.80732666666667      -0.199392003553059     
   4.50699375000000        5.10765958333333      -0.181942862025715     
   4.50699375000000        5.40799250000000      -0.166590780964339     
   4.50699375000000        5.70832541666667      -0.152574698619761     
   4.50699375000000        6.00865833333333      -0.139432285889975     
   4.50699375000000        6.30899125000000      -0.127281543614619     
   4.50699375000000        6.60932416666667      -0.116530735007258     
   4.50699375000000        6.90965708333333      -0.107368354099057     
   4.50699375000000        7.20999000000000      -9.937007455149496E-002
   4.80732666666667       2.000000000000000E-003 -0.288550022586530     
   4.80732666666667       0.302332916666667      -0.315596120764225     
   4.80732666666667       0.602665833333333      -0.341893440251142     
   4.80732666666667       0.902998750000000      -0.365445261030418     
   4.80732666666667        1.20333166666667      -0.383891561714728     
   4.80732666666667        1.50366458333333      -0.394384081266158     
   4.80732666666667        1.80399750000000      -0.394612786242259     
   4.80732666666667        2.10433041666667      -0.384562540065047     
   4.80732666666667        2.40466333333333      -0.366773027109554     
   4.80732666666667        2.70499625000000      -0.344926135223425     
   4.80732666666667        3.00532916666667      -0.321996054831820     
   4.80732666666667        3.30566208333333      -0.299282003337155     
   4.80732666666667        3.60599500000000      -0.276794769247045     
   4.80732666666667        3.90632791666667      -0.254325213716112     
   4.80732666666667        4.20666083333333      -0.232210414296665     
   4.80732666666667        4.50699375000000      -0.211357925358598     
   4.80732666666667        4.80732666666667      -0.192646056007760     
   4.80732666666667        5.10765958333333      -0.176309733646078     
   4.80732666666667        5.40799250000000      -0.161871421398854     
   4.80732666666667        5.70832541666667      -0.148611737985488     
   4.80732666666667        6.00865833333333      -0.136131440302812     
   4.80732666666667        6.30899125000000      -0.124542097279474     
   4.80732666666667        6.60932416666667      -0.114180964857140     
   4.80732666666667        6.90965708333333      -0.105149350009454     
   4.80732666666667        7.20999000000000      -9.712696494154077E-002
   5.10765958333333       2.000000000000000E-003 -0.257952604013610     
   5.10765958333333       0.302332916666667      -0.280630950342419     
   5.10765958333333       0.602665833333333      -0.302831823307673     
   5.10765958333333       0.902998750000000      -0.323292659450526     
   5.10765958333333        1.20333166666667      -0.339645590444734     
   5.10765958333333        1.50366458333333      -0.349551702695705     
   5.10765958333333        1.80399750000000      -0.351508306271905     
   5.10765958333333        2.10433041666667      -0.345648411830134     
   5.10765958333333        2.40466333333333      -0.333696164685373     
   5.10765958333333        2.70499625000000      -0.317994457731285     
   5.10765958333333        3.00532916666667      -0.300355071183349     
   5.10765958333333        3.30566208333333      -0.281569554070934     
   5.10765958333333        3.60599500000000      -0.261805358717983     
   5.10765958333333        3.90632791666667      -0.241344312161411     
   5.10765958333333        4.20666083333333      -0.220973759975184     
   5.10765958333333        4.50699375000000      -0.201789559614552     
   5.10765958333333        4.80732666666667      -0.184625709740809     
   5.10765958333333        5.10765958333333      -0.169616323081879     
   5.10765958333333        5.40799250000000      -0.156266176572583     
   5.10765958333333        5.70832541666667      -0.143932796317836     
   5.10765958333333        6.00865833333333      -0.132295243980255     
   5.10765958333333        6.30899125000000      -0.121452586017104     
   5.10765958333333        6.60932416666667      -0.111652592530289     
   5.10765958333333        6.90965708333333      -0.102976076673980     
   5.10765958333333        7.20999000000000      -9.517376415479041E-002
   5.40799250000000       2.000000000000000E-003 -0.236579017663660     
   5.40799250000000       0.302332916666667      -0.255345176459406     
   5.40799250000000       0.602665833333333      -0.273279998009287     
   5.40799250000000       0.902998750000000      -0.289548034050286     
   5.40799250000000        1.20333166666667      -0.302497033989740     
   5.40799250000000        1.50366458333333      -0.310485403951395     
   5.40799250000000        1.80399750000000      -0.312890618750056     
   5.40799250000000        2.10433041666667      -0.309872974729896     
   5.40799250000000        2.40466333333333      -0.302312929558255     
   5.40799250000000        2.70499625000000      -0.291364045727798     
   5.40799250000000        3.00532916666667      -0.277895693120046     
   5.40799250000000        3.30566208333333      -0.262346891396894     
   5.40799250000000        3.60599500000000      -0.245058023312484     
   5.40799250000000        3.90632791666667      -0.226692002504664     
   5.40799250000000        4.20666083333333      -0.208317468086962     
   5.40799250000000        4.50699375000000      -0.191070751712655     
   5.40799250000000        4.80732666666667      -0.175663248047119     
   5.40799250000000        5.10765958333333      -0.162126443902837     
   5.40799250000000        5.40799250000000      -0.149992695494580     
   5.40799250000000        5.70832541666667      -0.138743277254408     
   5.40799250000000        6.00865833333333      -0.128146609613524     
   5.40799250000000        6.30899125000000      -0.118246307814988     
   5.40799250000000        6.60932416666667      -0.109199792290435     
   5.40799250000000        6.90965708333333      -0.101034057309544     
   5.40799250000000        7.20999000000000      -9.354505839503573E-002
   5.70832541666667       2.000000000000000E-003 -0.222623052017838     
   5.70832541666667       0.302332916666667      -0.237861615184969     
   5.70832541666667       0.602665833333333      -0.251399363863624     
   5.70832541666667       0.902998750000000      -0.263308856707883     
   5.70832541666667        1.20333166666667      -0.272708425952680     
   5.70832541666667        1.50366458333333      -0.278434346647706     
   5.70832541666667        1.80399750000000      -0.280147159283674     
   5.70832541666667        2.10433041666667      -0.278458850791609     
   5.70832541666667        2.40466333333333      -0.273600400439632     
   5.70832541666667        2.70499625000000      -0.265802134311670     
   5.70832541666667        3.00532916666667      -0.255273097333174     
   5.70832541666667        3.30566208333333      -0.242243552162979     
   5.70832541666667        3.60599500000000      -0.227195194161695     
   5.70832541666667        3.90632791666667      -0.211013266589285     
   5.70832541666667        4.20666083333333      -0.194843457853441     
   5.70832541666667        4.50699375000000      -0.179709303822525     
   5.70832541666667        4.80732666666667      -0.166149322875250     
   5.70832541666667        5.10765958333333      -0.154125654693041     
   5.70832541666667        5.40799250000000      -0.143264173990971     
   5.70832541666667        5.70832541666667      -0.133224609796755     
   5.70832541666667        6.00865833333333      -0.123809901598196     
   5.70832541666667        6.30899125000000      -0.114982583499892     
   5.70832541666667        6.60932416666667      -0.106839868029281     
   5.70832541666667        6.90965708333333      -9.934432970564008E-002
   5.70832541666667        7.20999000000000      -9.224393116907824E-002
   6.00865833333333       2.000000000000000E-003 -0.214599211177115     
   6.00865833333333       0.302332916666667      -0.226043910077985     
   6.00865833333333       0.602665833333333      -0.234655060949818     
   6.00865833333333       0.902998750000000      -0.242281317114691     
   6.00865833333333        1.20333166666667      -0.248424158822645     
   6.00865833333333        1.50366458333333      -0.252061229157377     
   6.00865833333333        1.80399750000000      -0.252818824923026     
   6.00865833333333        2.10433041666667      -0.251212014338961     
   6.00865833333333        2.40466333333333      -0.247609224648517     
   6.00865833333333        2.70499625000000      -0.241627787644037     
   6.00865833333333        3.00532916666667      -0.233068991779338     
   6.00865833333333        3.30566208333333      -0.222031362943772     
   6.00865833333333        3.60599500000000      -0.209068540593474     
   6.00865833333333        3.90632791666667      -0.195164589562004     
   6.00865833333333        4.20666083333333      -0.181318720950031     
   6.00865833333333        4.50699375000000      -0.168319603561745     
   6.00865833333333        4.80732666666667      -0.156530337842531     
   6.00865833333333        5.10765958333333      -0.145915235868248     
   6.00865833333333        5.40799250000000      -0.136271666340185     
   6.00865833333333        5.70832541666667      -0.127463883084122     
   6.00865833333333        6.00865833333333      -0.119248491344226     
   6.00865833333333        6.30899125000000      -0.111549915486689     
   6.00865833333333        6.60932416666667      -0.104432057390392     
   6.00865833333333        6.90965708333333      -9.781893968741281E-002
   6.00865833333333        7.20999000000000      -9.126139297865653E-002
   6.30899125000000       2.000000000000000E-003 -0.210794533404359     
   6.30899125000000       0.302332916666667      -0.216822546303199     
   6.30899125000000       0.602665833333333      -0.219739583558259     
   6.30899125000000       0.902998750000000      -0.223971129998815     
   6.30899125000000        1.20333166666667      -0.227642520994280     
   6.30899125000000        1.50366458333333      -0.229417320552910     
   6.30899125000000        1.80399750000000      -0.229183754658828     
   6.30899125000000        2.10433041666667      -0.227280248189540     
   6.30899125000000        2.40466333333333      -0.224086104553000     
   6.30899125000000        2.70499625000000      -0.219148222630551     
   6.30899125000000        3.00532916666667      -0.211876810277631     
   6.30899125000000        3.30566208333333      -0.202197638831347     
   6.30899125000000        3.60599500000000      -0.191115278863946     
   6.30899125000000        3.90632791666667      -0.179777320101298     
   6.30899125000000        4.20666083333333      -0.168513222684226     
   6.30899125000000        4.50699375000000      -0.157524765890180     
   6.30899125000000        4.80732666666667      -0.147230881335801     
   6.30899125000000        5.10765958333333      -0.137755094034108     
   6.30899125000000        5.40799250000000      -0.129183155661478     
   6.30899125000000        5.70832541666667      -0.121513715841204     
   6.30899125000000        6.00865833333333      -0.114458472683470     
   6.30899125000000        6.30899125000000      -0.107844262190080     
   6.30899125000000        6.60932416666667      -0.101724668410410     
   6.30899125000000        6.90965708333333      -9.623138656427099E-002
   6.30899125000000        7.20999000000000      -9.056704645473718E-002
   6.60932416666667       2.000000000000000E-003 -0.207910236608346     
   6.60932416666667       0.302332916666667      -0.205098281321851     
   6.60932416666667       0.602665833333333      -0.203873505657653     
   6.60932416666667       0.902998750000000      -0.207258602379546     
   6.60932416666667        1.20333166666667      -0.209223759120009     
   6.60932416666667        1.50366458333333      -0.209254537261549     
   6.60932416666667        1.80399750000000      -0.207978174162021     
   6.60932416666667        2.10433041666667      -0.205811952350957     
   6.60932416666667        2.40466333333333      -0.202858275287707     
   6.60932416666667        2.70499625000000      -0.198670306445441     
   6.60932416666667        3.00532916666667      -0.192378497283557     
   6.60932416666667        3.30566208333333      -0.183922341782373     
   6.60932416666667        3.60599500000000      -0.174807070512492     
   6.60932416666667        3.90632791666667      -0.166351297970155     
   6.60932416666667        4.20666083333333      -0.157539325386472     
   6.60932416666667        4.50699375000000      -0.147933299259911     
   6.60932416666667        4.80732666666667      -0.138533767994746     
   6.60932416666667        5.10765958333333      -0.129800238169451     
   6.60932416666667        5.40799250000000      -0.122115222981076     
   6.60932416666667        5.70832541666667      -0.115472735982512     
   6.60932416666667        6.00865833333333      -0.109562836570608     
   6.60932416666667        6.30899125000000      -0.104002871858440     
   6.60932416666667        6.60932416666667      -9.858203032712096E-002
   6.60932416666667        6.90965708333333      -9.408313237743898E-002
   6.60932416666667        7.20999000000000      -8.998056926766937E-002
   6.90965708333333       2.000000000000000E-003 -0.198204524583918     
   6.90965708333333       0.302332916666667      -0.189803674643723     
   6.90965708333333       0.602665833333333      -0.191507523778854     
   6.90965708333333       0.902998750000000      -0.193677707530996     
   6.90965708333333        1.20333166666667      -0.192862885796422     
   6.90965708333333        1.50366458333333      -0.190917259696928     
   6.90965708333333        1.80399750000000      -0.188682580900427     
   6.90965708333333        2.10433041666667      -0.186358134046521     
   6.90965708333333        2.40466333333333      -0.183859888602772     
   6.90965708333333        2.70499625000000      -0.180678149659016     
   6.90965708333333        3.00532916666667      -0.176206232549773     
   6.90965708333333        3.30566208333333      -0.170144507026692     
   6.90965708333333        3.60599500000000      -0.163576635186376     
   6.90965708333333        3.90632791666667      -0.157172404548446     
   6.90965708333333        4.20666083333333      -0.149389858401570     
   6.90965708333333        4.50699375000000      -0.139851513652870     
   6.90965708333333        4.80732666666667      -0.130440873826479     
   6.90965708333333        5.10765958333333      -0.122098623213307     
   6.90965708333333        5.40799250000000      -0.115105140427724     
   6.90965708333333        5.70832541666667      -0.109409680265118     
   6.90965708333333        6.00865833333333      -0.104706104199127     
   6.90965708333333        6.30899125000000      -0.100515801036280     
   6.90965708333333        6.60932416666667      -9.606016635229910E-002
   6.90965708333333        6.90965708333333      -9.151861477634424E-002
   6.90965708333333        7.20999000000000      -8.874155946143072E-002
   7.20999000000000       2.000000000000000E-003 -0.182013454549779     
   7.20999000000000       0.302332916666667      -0.187378774490175     
   7.20999000000000       0.602665833333333      -0.186397013182689     
   7.20999000000000       0.902998750000000      -0.181620137316527     
   7.20999000000000        1.20333166666667      -0.177231630496970     
   7.20999000000000        1.50366458333333      -0.173795553796776     
   7.20999000000000        1.80399750000000      -0.171062399512954     
   7.20999000000000        2.10433041666667      -0.168834582405658     
   7.20999000000000        2.40466333333333      -0.166940122082405     
   7.20999000000000        2.70499625000000      -0.165114984589804     
   7.20999000000000        3.00532916666667      -0.163106404566286     
   7.20999000000000        3.30566208333333      -0.160094631225816     
   7.20999000000000        3.60599500000000      -0.155464126772503     
   7.20999000000000        3.90632791666667      -0.149331088905934     
   7.20999000000000        4.20666083333333      -0.141811154734146     
   7.20999000000000        4.50699375000000      -0.131950506956484     
   7.20999000000000        4.80732666666667      -0.122468816715631     
   7.20999000000000        5.10765958333333      -0.114459245919540     
   7.20999000000000        5.40799250000000      -0.108127528299068     
   7.20999000000000        5.70832541666667      -0.103265899674724     
   7.20999000000000        6.00865833333333      -9.962563819432033E-002
   7.20999000000000        6.30899125000000      -9.689244468076619E-002
   7.20999000000000        6.60932416666667      -9.446595962727568E-002
   7.20999000000000        6.90965708333333      -9.087075855854555E-002
   7.20999000000000        7.20999000000000      -8.575868764567182E-002
