  2.000000000000000E-003  2.000000000000000E-003 -0.537379133985381     
  2.000000000000000E-003  0.302332916666667      -0.504665241500594     
  2.000000000000000E-003  0.602665833333333      -0.445659195902927     
  2.000000000000000E-003  0.902998750000000      -0.378049013978191     
  2.000000000000000E-003   1.20333166666667      -0.326414841377875     
  2.000000000000000E-003   1.50366458333333      -0.288578273764498     
  2.000000000000000E-003   1.80399750000000      -0.259231846217575     
  2.000000000000000E-003   2.10433041666667      -0.235092150027951     
  2.000000000000000E-003   2.40466333333333      -0.214276813150443     
  2.000000000000000E-003   2.70499625000000      -0.196512714116689     
  2.000000000000000E-003   3.00532916666667      -0.181660184982583     
  2.000000000000000E-003   3.30566208333333      -0.169790144060885     
  2.000000000000000E-003   3.60599500000000      -0.159210171542367     
  2.000000000000000E-003   3.90632791666667      -0.145440238187862     
  2.000000000000000E-003   4.20666083333333      -0.132316647181844     
  2.000000000000000E-003   4.50699375000000      -0.119330665779343     
  2.000000000000000E-003   4.80732666666667      -0.107967292262507     
  2.000000000000000E-003   5.10765958333333      -9.849748242906253E-002
  2.000000000000000E-003   5.40799250000000      -9.072502707283903E-002
  2.000000000000000E-003   5.70832541666667      -8.435687009273377E-002
  2.000000000000000E-003   6.00865833333333      -7.902795551668017E-002
  2.000000000000000E-003   6.30899125000000      -7.433003245116936E-002
  2.000000000000000E-003   6.60932416666667      -7.001652430939483E-002
  2.000000000000000E-003   6.90965708333333      -6.672150707836812E-002
  2.000000000000000E-003   7.20999000000000      -6.378599393475809E-002
  0.302332916666667       2.000000000000000E-003 -0.581184132880332     
  0.302332916666667       0.302332916666667      -0.511681377596967     
  0.302332916666667       0.602665833333333      -0.454866238928367     
  0.302332916666667       0.902998750000000      -0.400728869844605     
  0.302332916666667        1.20333166666667      -0.352562019261587     
  0.302332916666667        1.50366458333333      -0.312968107744773     
  0.302332916666667        1.80399750000000      -0.280224208415379     
  0.302332916666667        2.10433041666667      -0.252441590414306     
  0.302332916666667        2.40466333333333      -0.228492592903249     
  0.302332916666667        2.70499625000000      -0.208248478277201     
  0.302332916666667        3.00532916666667      -0.190954223383702     
  0.302332916666667        3.30566208333333      -0.176446928813000     
  0.302332916666667        3.60599500000000      -0.163449042165508     
  0.302332916666667        3.90632791666667      -0.149438876163314     
  0.302332916666667        4.20666083333333      -0.135559213088316     
  0.302332916666667        4.50699375000000      -0.122442286127506     
  0.302332916666667        4.80732666666667      -0.110957969108559     
  0.302332916666667        5.10765958333333      -0.101231132208912     
  0.302332916666667        5.40799250000000      -9.311304687704673E-002
  0.302332916666667        5.70832541666667      -8.635612420035102E-002
  0.302332916666667        6.00865833333333      -8.061172323608609E-002
  0.302332916666667        6.30899125000000      -7.556698502929227E-002
  0.302332916666667        6.60932416666667      -7.114306532343967E-002
  0.302332916666667        6.90965708333333      -6.785291449933027E-002
  0.302332916666667        7.20999000000000      -6.414209893967217E-002
  0.602665833333333       2.000000000000000E-003 -0.590428887588280     
  0.602665833333333       0.302332916666667      -0.543067051615984     
  0.602665833333333       0.602665833333333      -0.477011753411794     
  0.602665833333333       0.902998750000000      -0.423443694727977     
  0.602665833333333        1.20333166666667      -0.376271243606628     
  0.602665833333333        1.50366458333333      -0.334712534849983     
  0.602665833333333        1.80399750000000      -0.298599775446971     
  0.602665833333333        2.10433041666667      -0.267379872955429     
  0.602665833333333        2.40466333333333      -0.240731517279328     
  0.602665833333333        2.70499625000000      -0.218504097811795     
  0.602665833333333        3.00532916666667      -0.199223429088498     
  0.602665833333333        3.30566208333333      -0.182232112104937     
  0.602665833333333        3.60599500000000      -0.166724553403231     
  0.602665833333333        3.90632791666667      -0.151829478584459     
  0.602665833333333        4.20666083333333      -0.137606809382722     
  0.602665833333333        4.50699375000000      -0.124599536222703     
  0.602665833333333        4.80732666666667      -0.113263424059647     
  0.602665833333333        5.10765958333333      -0.103477627852996     
  0.602665833333333        5.40799250000000      -9.515135382906811E-002
  0.602665833333333        5.70832541666667      -8.808270563567241E-002
  0.602665833333333        6.00865833333333      -8.200748186090512E-002
  0.602665833333333        6.30899125000000      -7.673496066007600E-002
  0.602665833333333        6.60932416666667      -7.218983334874716E-002
  0.602665833333333        6.90965708333333      -6.808975152221321E-002
  0.602665833333333        7.20999000000000      -6.352750541574326E-002
  0.902998750000000       2.000000000000000E-003 -0.597849802730081     
  0.902998750000000       0.302332916666667      -0.568368949820019     
  0.902998750000000       0.602665833333333      -0.509315930553309     
  0.902998750000000       0.902998750000000      -0.451121391089747     
  0.902998750000000        1.20333166666667      -0.399327821024188     
  0.902998750000000        1.50366458333333      -0.353493670216700     
  0.902998750000000        1.80399750000000      -0.313381975072677     
  0.902998750000000        2.10433041666667      -0.278854932962246     
  0.902998750000000        2.40466333333333      -0.250143957914720     
  0.902998750000000        2.70499625000000      -0.226086438633536     
  0.902998750000000        3.00532916666667      -0.205245067753754     
  0.902998750000000        3.30566208333333      -0.186517129176703     
  0.902998750000000        3.60599500000000      -0.169360567560250     
  0.902998750000000        3.90632791666667      -0.153515945745501     
  0.902998750000000        4.20666083333333      -0.139047749200171     
  0.902998750000000        4.50699375000000      -0.126183272128402     
  0.902998750000000        4.80732666666667      -0.115000270357125     
  0.902998750000000        5.10765958333333      -0.105264884229221     
  0.902998750000000        5.40799250000000      -9.678728541772451E-002
  0.902998750000000        5.70832541666667      -8.945349242003381E-002
  0.902998750000000        6.00865833333333      -8.304013252616134E-002
  0.902998750000000        6.30899125000000      -7.738553910441300E-002
  0.902998750000000        6.60932416666667      -7.231866592582352E-002
  0.902998750000000        6.90965708333333      -6.750446380980606E-002
  0.902998750000000        7.20999000000000      -6.270233489635518E-002
   1.20333166666667       2.000000000000000E-003 -0.599711396811108     
   1.20333166666667       0.302332916666667      -0.579432773606182     
   1.20333166666667       0.602665833333333      -0.530525214049581     
   1.20333166666667       0.902998750000000      -0.473171154624774     
   1.20333166666667        1.20333166666667      -0.417721028826549     
   1.20333166666667        1.50366458333333      -0.367475501888979     
   1.20333166666667        1.80399750000000      -0.323465760367276     
   1.20333166666667        2.10433041666667      -0.286556591052399     
   1.20333166666667        2.40466333333333      -0.256290165025479     
   1.20333166666667        2.70499625000000      -0.230741239796088     
   1.20333166666667        3.00532916666667      -0.208596752605647     
   1.20333166666667        3.30566208333333      -0.188897247247094     
   1.20333166666667        3.60599500000000      -0.170984014607535     
   1.20333166666667        3.90632791666667      -0.154704158170181     
   1.20333166666667        4.20666083333333      -0.140154172079063     
   1.20333166666667        4.50699375000000      -0.127398723795719     
   1.20333166666667        4.80732666666667      -0.116300170095444     
   1.20333166666667        5.10765958333333      -0.106596607517055     
   1.20333166666667        5.40799250000000      -9.803263513129977E-002
   1.20333166666667        5.70832541666667      -9.045682811555665E-002
   1.20333166666667        6.00865833333333      -8.370075752688301E-002
   1.20333166666667        6.30899125000000      -7.762442264104458E-002
   1.20333166666667        6.60932416666667      -7.208293370638839E-002
   1.20333166666667        6.90965708333333      -6.690170527803545E-002
   1.20333166666667        7.20999000000000      -6.202280992430313E-002
   1.50366458333333       2.000000000000000E-003 -0.594368999302789     
   1.50366458333333       0.302332916666667      -0.578575590978278     
   1.50366458333333       0.602665833333333      -0.537385346099197     
   1.50366458333333       0.902998750000000      -0.483522009043459     
   1.50366458333333        1.20333166666667      -0.427210262742863     
   1.50366458333333        1.50366458333333      -0.374204446801099     
   1.50366458333333        1.80399750000000      -0.327968401458539     
   1.50366458333333        2.10433041666667      -0.290146857324531     
   1.50366458333333        2.40466333333333      -0.258855280381119     
   1.50366458333333        2.70499625000000      -0.232458795236713     
   1.50366458333333        3.00532916666667      -0.209697024169110     
   1.50366458333333        3.30566208333333      -0.189600567577528     
   1.50366458333333        3.60599500000000      -0.171553937713513     
   1.50366458333333        3.90632791666667      -0.155317664678418     
   1.50366458333333        4.20666083333333      -0.140881319756764     
   1.50366458333333        4.50699375000000      -0.128228241798773     
   1.50366458333333        4.80732666666667      -0.117200330948449     
   1.50366458333333        5.10765958333333      -0.107520511114093     
   1.50366458333333        5.40799250000000      -9.890221297225986E-002
   1.50366458333333        5.70832541666667      -9.113597191993084E-002
   1.50366458333333        6.00865833333333      -8.408753035430125E-002
   1.50366458333333        6.30899125000000      -7.767020845325245E-002
   1.50366458333333        6.60932416666667      -7.181135354307833E-002
   1.50366458333333        6.90965708333333      -6.643714702290611E-002
   1.50366458333333        7.20999000000000      -6.151783131720267E-002
   1.80399750000000       2.000000000000000E-003 -0.581454797533372     
   1.80399750000000       0.302332916666667      -0.568143881808764     
   1.80399750000000       0.602665833333333      -0.531211166395959     
   1.80399750000000       0.902998750000000      -0.480613283816356     
   1.80399750000000        1.20333166666667      -0.425081932034059     
   1.80399750000000        1.50366458333333      -0.372271330529942     
   1.80399750000000        1.80399750000000      -0.327210788697221     
   1.80399750000000        2.10433041666667      -0.289340554785997     
   1.80399750000000        2.40466333333333      -0.257658336860724     
   1.80399750000000        2.70499625000000      -0.231090916055664     
   1.80399750000000        3.00532916666667      -0.208465457821139     
   1.80399750000000        3.30566208333333      -0.188702376709627     
   1.80399750000000        3.60599500000000      -0.171050987438968     
   1.80399750000000        3.90632791666667      -0.155172720409863     
   1.80399750000000        4.20666083333333      -0.141010152155080     
   1.80399750000000        4.50699375000000      -0.128549488370523     
   1.80399750000000        4.80732666666667      -0.117650562300865     
   1.80399750000000        5.10765958333333      -0.108036676269897     
   1.80399750000000        5.40799250000000      -9.940279373082660E-002
   1.80399750000000        5.70832541666667      -9.152413299985550E-002
   1.80399750000000        6.00865833333333      -8.427780007290878E-002
   1.80399750000000        6.30899125000000      -7.762712418696664E-002
   1.80399750000000        6.60932416666667      -7.157203564236417E-002
   1.80399750000000        6.90965708333333      -6.608869102886984E-002
   1.80399750000000        7.20999000000000      -6.115813096223037E-002
   2.10433041666667       2.000000000000000E-003 -0.562655171129745     
   2.10433041666667       0.302332916666667      -0.548936075876995     
   2.10433041666667       0.602665833333333      -0.513363642205155     
   2.10433041666667       0.902998750000000      -0.464012398716315     
   2.10433041666667        1.20333166666667      -0.412626434072043     
   2.10433041666667        1.50366458333333      -0.364371288696889     
   2.10433041666667        1.80399750000000      -0.321262678695435     
   2.10433041666667        2.10433041666667      -0.284059032553809     
   2.10433041666667        2.40466333333333      -0.252782176652839     
   2.10433041666667        2.70499625000000      -0.226790621732160     
   2.10433041666667        3.00532916666667      -0.204963422465261     
   2.10433041666667        3.30566208333333      -0.186089046548697     
   2.10433041666667        3.60599500000000      -0.169259136497474     
   2.10433041666667        3.90632791666667      -0.154039526933535     
   2.10433041666667        4.20666083333333      -0.140356866812998     
   2.10433041666667        4.50699375000000      -0.128232288524220     
   2.10433041666667        4.80732666666667      -0.117565977427184     
   2.10433041666667        5.10765958333333      -0.108097847355552     
   2.10433041666667        5.40799250000000      -9.951987912514555E-002
   2.10433041666667        5.70832541666667      -9.161098173034855E-002
   2.10433041666667        6.00865833333333      -8.428302114990321E-002
   2.10433041666667        6.30899125000000      -7.752952146767333E-002
   2.10433041666667        6.60932416666667      -7.136337904249072E-002
   2.10433041666667        6.90965708333333      -6.583395335235823E-002
   2.10433041666667        7.20999000000000      -6.091784082215247E-002
   2.40466333333333       2.000000000000000E-003 -0.546346737695262     
   2.40466333333333       0.302332916666667      -0.531121934339858     
   2.40466333333333       0.602665833333333      -0.492234358181385     
   2.40466333333333       0.902998750000000      -0.444788719952274     
   2.40466333333333        1.20333166666667      -0.396760305717012     
   2.40466333333333        1.50366458333333      -0.351361936692204     
   2.40466333333333        1.80399750000000      -0.310286898065319     
   2.40466333333333        2.10433041666667      -0.274601145565701     
   2.40466333333333        2.40466333333333      -0.244672217519827     
   2.40466333333333        2.70499625000000      -0.220034345969614     
   2.40466333333333        3.00532916666667      -0.199568469732243     
   2.40466333333333        3.30566208333333      -0.181970591370922     
   2.40466333333333        3.60599500000000      -0.166235171299388     
   2.40466333333333        3.90632791666667      -0.151881815648877     
   2.40466333333333        4.20666083333333      -0.138849012556033     
   2.40466333333333        4.50699375000000      -0.127201954990386     
   2.40466333333333        4.80732666666667      -0.116882614438221     
   2.40466333333333        5.10765958333333      -0.107652915653095     
   2.40466333333333        5.40799250000000      -9.921375391326444E-002
   2.40466333333333        5.70832541666667      -9.135847159809668E-002
   2.40466333333333        6.00865833333333      -8.403044745924629E-002
   2.40466333333333        6.30899125000000      -7.726283217135625E-002
   2.40466333333333        6.60932416666667      -7.108940612853908E-002
   2.40466333333333        6.90965708333333      -6.554676698181035E-002
   2.40466333333333        7.20999000000000      -6.072690531886078E-002
   2.70499625000000       2.000000000000000E-003 -0.535544727137081     
   2.70499625000000       0.302332916666667      -0.519757354095781     
   2.70499625000000       0.602665833333333      -0.478722372144390     
   2.70499625000000       0.902998750000000      -0.426516734501104     
   2.70499625000000        1.20333166666667      -0.377173569635950     
   2.70499625000000        1.50366458333333      -0.333540236779808     
   2.70499625000000        1.80399750000000      -0.294961040285902     
   2.70499625000000        2.10433041666667      -0.261761984189221     
   2.70499625000000        2.40466333333333      -0.234114308035442     
   2.70499625000000        2.70499625000000      -0.211506265863488     
   2.70499625000000        3.00532916666667      -0.192801983024130     
   2.70499625000000        3.30566208333333      -0.176688805612253     
   2.70499625000000        3.60599500000000      -0.162167098901651     
   2.70499625000000        3.90632791666667      -0.148781985853634     
   2.70499625000000        4.20666083333333      -0.136510852834073     
   2.70499625000000        4.50699375000000      -0.125456416678155     
   2.70499625000000        4.80732666666667      -0.115587000551201     
   2.70499625000000        5.10765958333333      -0.106682139441369     
   2.70499625000000        5.40799250000000      -9.846103953573927E-002
   2.70499625000000        5.70832541666667      -9.074282103191722E-002
   2.70499625000000        6.00865833333333      -8.349964714896027E-002
   2.70499625000000        6.30899125000000      -7.676832786835268E-002
   2.70499625000000        6.60932416666667      -7.059352448382682E-002
   2.70499625000000        6.90965708333333      -6.517625544856036E-002
   2.70499625000000        7.20999000000000      -6.061247588230358E-002
   3.00532916666667       2.000000000000000E-003 -0.513035279456790     
   3.00532916666667       0.302332916666667      -0.496567799370376     
   3.00532916666667       0.602665833333333      -0.454501400489070     
   3.00532916666667       0.902998750000000      -0.402723265765663     
   3.00532916666667        1.20333166666667      -0.353377449388259     
   3.00532916666667        1.50366458333333      -0.311879444359925     
   3.00532916666667        1.80399750000000      -0.276574376857349     
   3.00532916666667        2.10433041666667      -0.246722230818862     
   3.00532916666667        2.40466333333333      -0.222051665067349     
   3.00532916666667        2.70499625000000      -0.201901627322712     
   3.00532916666667        3.00532916666667      -0.185146099926319     
   3.00532916666667        3.30566208333333      -0.170562545891118     
   3.00532916666667        3.60599500000000      -0.157259731948268     
   3.00532916666667        3.90632791666667      -0.144871209576688     
   3.00532916666667        4.20666083333333      -0.133427308350229     
   3.00532916666667        4.50699375000000      -0.123049964517156     
   3.00532916666667        4.80732666666667      -0.113710648278154     
   3.00532916666667        5.10765958333333      -0.105199118522832     
   3.00532916666667        5.40799250000000      -9.726237853825660E-002
   3.00532916666667        5.70832541666667      -8.975988821078773E-002
   3.00532916666667        6.00865833333333      -8.270239569692088E-002
   3.00532916666667        6.30899125000000      -7.612764420274207E-002
   3.00532916666667        6.60932416666667      -7.010267954114947E-002
   3.00532916666667        6.90965708333333      -6.490868973820582E-002
   3.00532916666667        7.20999000000000      -6.071846001995505E-002
   3.30566208333333       2.000000000000000E-003 -0.474082559851581     
   3.30566208333333       0.302332916666667      -0.459945194722237     
   3.30566208333333       0.602665833333333      -0.420853804882853     
   3.30566208333333       0.902998750000000      -0.371902776619814     
   3.30566208333333        1.20333166666667      -0.325978211884893     
   3.30566208333333        1.50366458333333      -0.287957107216598     
   3.30566208333333        1.80399750000000      -0.256685905709957     
   3.30566208333333        2.10433041666667      -0.230700290188619     
   3.30566208333333        2.40466333333333      -0.209318799311073     
   3.30566208333333        2.70499625000000      -0.191749590706892     
   3.30566208333333        3.00532916666667      -0.176933713286380     
   3.30566208333333        3.30566208333333      -0.163817627725119     
   3.30566208333333        3.60599500000000      -0.151686119922974     
   3.30566208333333        3.90632791666667      -0.140292470234977     
   3.30566208333333        4.20666083333333      -0.129713546081137     
   3.30566208333333        4.50699375000000      -0.120066320368245     
   3.30566208333333        4.80732666666667      -0.111306360461936     
   3.30566208333333        5.10765958333333      -0.103230579554127     
   3.30566208333333        5.40799250000000      -9.562365842408842E-002
   3.30566208333333        5.70832541666667      -8.839915631556192E-002
   3.30566208333333        6.00865833333333      -8.162423028458744E-002
   3.30566208333333        6.30899125000000      -7.531823581405712E-002
   3.30566208333333        6.60932416666667      -6.954823630507280E-002
   3.30566208333333        6.90965708333333      -6.467451972245380E-002
   3.30566208333333        7.20999000000000      -6.084054109790059E-002
   3.60599500000000       2.000000000000000E-003 -0.424254121380284     
   3.60599500000000       0.302332916666667      -0.414095638637113     
   3.60599500000000       0.602665833333333      -0.380960260984558     
   3.60599500000000       0.902998750000000      -0.337492745508129     
   3.60599500000000        1.20333166666667      -0.296731632004251     
   3.60599500000000        1.50366458333333      -0.263345995642494     
   3.60599500000000        1.80399750000000      -0.236582031639328     
   3.60599500000000        2.10433041666667      -0.214590763593527     
   3.60599500000000        2.40466333333333      -0.196460681171905     
   3.60599500000000        2.70499625000000      -0.181361724199475     
   3.60599500000000        3.00532916666667      -0.168361368809340     
   3.60599500000000        3.30566208333333      -0.156615453305094     
   3.60599500000000        3.60599500000000      -0.145605250402729     
   3.60599500000000        3.90632791666667      -0.135200144484366     
   3.60599500000000        4.20666083333333      -0.125502015484472     
   3.60599500000000        4.50699375000000      -0.116601656887817     
   3.60599500000000        4.80732666666667      -0.108431544760190     
   3.60599500000000        5.10765958333333      -0.100801554225788     
   3.60599500000000        5.40799250000000      -9.354370935096613E-002
   3.60599500000000        5.70832541666667      -8.662968173474028E-002
   3.60599500000000        6.00865833333333      -8.017462307558713E-002
   3.60599500000000        6.30899125000000      -7.420194916804922E-002
   3.60599500000000        6.60932416666667      -6.879929740332762E-002
   3.60599500000000        6.90965708333333      -6.437139285157412E-002
   3.60599500000000        7.20999000000000      -6.095892201856844E-002
   3.90632791666667       2.000000000000000E-003 -0.369136132375545     
   3.90632791666667       0.302332916666667      -0.360896491921666     
   3.90632791666667       0.602665833333333      -0.334874486890964     
   3.90632791666667       0.902998750000000      -0.300061808779234     
   3.90632791666667        1.20333166666667      -0.266574378583144     
   3.90632791666667        1.50366458333333      -0.238987804064529     
   3.90632791666667        1.80399750000000      -0.216969780956846     
   3.90632791666667        2.10433041666667      -0.198844562875263     
   3.90632791666667        2.40466333333333      -0.183745479803936     
   3.90632791666667        2.70499625000000      -0.170915997295061     
   3.90632791666667        3.00532916666667      -0.159588870701577     
   3.90632791666667        3.30566208333333      -0.149132290119264     
   3.90632791666667        3.60599500000000      -0.139207506542025     
   3.90632791666667        3.90632791666667      -0.129774579584521     
   3.90632791666667        4.20666083333333      -0.120938399337507     
   3.90632791666667        4.50699375000000      -0.112755665744406     
   3.90632791666667        4.80732666666667      -0.105143522032037     
   3.90632791666667        5.10765958333333      -9.793890510970173E-002
   3.90632791666667        5.40799250000000      -9.102854433330969E-002
   3.90632791666667        5.70832541666667      -8.443361100643046E-002
   3.90632791666667        6.00865833333333      -7.828814810880121E-002
   3.90632791666667        6.30899125000000      -7.265051401947312E-002
   3.90632791666667        6.60932416666667      -6.758616409894527E-002
   3.90632791666667        6.90965708333333      -6.325936992031787E-002
   3.90632791666667        7.20999000000000      -5.936518825525169E-002
   4.20666083333333       2.000000000000000E-003 -0.307329016961138     
   4.20666083333333       0.302332916666667      -0.301463820183376     
   4.20666083333333       0.602665833333333      -0.284384823246298     
   4.20666083333333       0.902998750000000      -0.260663007782587     
   4.20666083333333        1.20333166666667      -0.236249271062136     
   4.20666083333333        1.50366458333333      -0.215436242820453     
   4.20666083333333        1.80399750000000      -0.198154898939754     
   4.20666083333333        2.10433041666667      -0.183652921520084     
   4.20666083333333        2.40466333333333      -0.171334150498054     
   4.20666083333333        2.70499625000000      -0.160590108659867     
   4.20666083333333        3.00532916666667      -0.150826642793407     
   4.20666083333333        3.30566208333333      -0.141600726203242     
   4.20666083333333        3.60599500000000      -0.132719623367754     
   4.20666083333333        3.90632791666667      -0.124207099535328     
   4.20666083333333        4.20666083333333      -0.116162278576094     
   4.20666083333333        4.50699375000000      -0.108618791664992     
   4.20666083333333        4.80732666666667      -0.101500050191284     
   4.20666083333333        5.10765958333333      -9.468610217894373E-002
   4.20666083333333        5.40799250000000      -8.811910065707676E-002
   4.20666083333333        5.70832541666667      -8.185361874047553E-002
   4.20666083333333        6.00865833333333      -7.601357293572300E-002
   4.20666083333333        6.30899125000000      -7.067412999755125E-002
   4.20666083333333        6.60932416666667      -6.585301055900290E-002
   4.20666083333333        6.90965708333333      -6.158751664122053E-002
   4.20666083333333        7.20999000000000      -5.772102619028806E-002
   4.50699375000000       2.000000000000000E-003 -0.250377054568643     
   4.50699375000000       0.302332916666667      -0.247178188182786     
   4.50699375000000       0.602665833333333      -0.237853798591209     
   4.50699375000000       0.902998750000000      -0.223841083652928     
   4.50699375000000        1.20333166666667      -0.208100970738885     
   4.50699375000000        1.50366458333333      -0.193382892829505     
   4.50699375000000        1.80399750000000      -0.180439156583987     
   4.50699375000000        2.10433041666667      -0.169238805263922     
   4.50699375000000        2.40466333333333      -0.159455945804120     
   4.50699375000000        2.70499625000000      -0.150634225313606     
   4.50699375000000        3.00532916666667      -0.142332654399255     
   4.50699375000000        3.30566208333333      -0.134261798216238     
   4.50699375000000        3.60599500000000      -0.126341255551014     
   4.50699375000000        3.90632791666667      -0.118643142002465     
   4.50699375000000        4.20666083333333      -0.111269909340656     
   4.50699375000000        4.50699375000000      -0.104257798493279     
   4.50699375000000        4.80732666666667      -9.756145569473391E-002
   4.50699375000000        5.10765958333333      -9.111394926486761E-002
   4.50699375000000        5.40799250000000      -8.490326930393997E-002
   4.50699375000000        5.70832541666667      -7.899663144353898E-002
   4.50699375000000        6.00865833333333      -7.349351295147534E-002
   4.50699375000000        6.30899125000000      -6.844446637674977E-002
   4.50699375000000        6.60932416666667      -6.382925387362520E-002
   4.50699375000000        6.90965708333333      -5.964259776623092E-002
   4.50699375000000        7.20999000000000      -5.580021447922060E-002
   4.80732666666667       2.000000000000000E-003 -0.207945698936970     
   4.80732666666667       0.302332916666667      -0.206518448004599     
   4.80732666666667       0.602665833333333      -0.201820084523693     
   4.80732666666667       0.902998750000000      -0.193602682111673     
   4.80732666666667        1.20333166666667      -0.183632758928039     
   4.80732666666667        1.50366458333333      -0.173586716536364     
   4.80732666666667        1.80399750000000      -0.164303628998177     
   4.80732666666667        2.10433041666667      -0.155979340633672     
   4.80732666666667        2.40466333333333      -0.148431319742101     
   4.80732666666667        2.70499625000000      -0.141316735713046     
   4.80732666666667        3.00532916666667      -0.134317275268030     
   4.80732666666667        3.30566208333333      -0.127263114198473     
   4.80732666666667        3.60599500000000      -0.120160850626130     
   4.80732666666667        3.90632791666667      -0.113127536302288     
   4.80732666666667        4.20666083333333      -0.106288111926634     
   4.80732666666667        4.50699375000000      -9.970776878923128E-002
   4.80732666666667        4.80732666666667      -9.338833206669871E-002
   4.80732666666667        5.10765958333333      -8.731318550035803E-002
   4.80732666666667        5.40799250000000      -8.149698847238822E-002
   4.80732666666667        5.70832541666667      -7.599537460758173E-002
   4.80732666666667        6.00865833333333      -7.086909065133611E-002
   4.80732666666667        6.30899125000000      -6.613732053929336E-002
   4.80732666666667        6.60932416666667      -6.176481596333149E-002
   4.80732666666667        6.90965708333333      -5.770296173533526E-002
   4.80732666666667        7.20999000000000      -5.393122344235581E-002
   5.10765958333333       2.000000000000000E-003 -0.178426861066140     
   5.10765958333333       0.302332916666667      -0.177420186825173     
   5.10765958333333       0.602665833333333      -0.174263142122369     
   5.10765958333333       0.902998750000000      -0.169421259404251     
   5.10765958333333        1.20333166666667      -0.163268688758556     
   5.10765958333333        1.50366458333333      -0.156674723384021     
   5.10765958333333        1.80399750000000      -0.150270533586140     
   5.10765958333333        2.10433041666667      -0.144259141741297     
   5.10765958333333        2.40466333333333      -0.138516127296809     
   5.10765958333333        2.70499625000000      -0.132780520054572     
   5.10765958333333        3.00532916666667      -0.126831287575052     
   5.10765958333333        3.30566208333333      -0.120590033666898     
   5.10765958333333        3.60599500000000      -0.114129671106852     
   5.10765958333333        3.90632791666667      -0.107610069202427     
   5.10765958333333        4.20666083333333      -0.101192699696827     
   5.10765958333333        4.50699375000000      -9.498619764505226E-002
   5.10765958333333        4.80732666666667      -8.904063567976464E-002
   5.10765958333333        5.10765958333333      -8.337492230539124E-002
   5.10765958333333        5.40799250000000      -7.800639049860034E-002
   5.10765958333333        5.70832541666667      -7.295728673662055E-002
   5.10765958333333        6.00865833333333      -6.823864492664967E-002
   5.10765958333333        6.30899125000000      -6.383467109317538E-002
   5.10765958333333        6.60932416666667      -5.970962060573753E-002
   5.10765958333333        6.90965708333333      -5.584229532993230E-002
   5.10765958333333        7.20999000000000      -5.221510456923863E-002
   5.40799250000000       2.000000000000000E-003 -0.157997725601401     
   5.40799250000000       0.302332916666667      -0.157034232153040     
   5.40799250000000       0.602665833333333      -0.154535888100412     
   5.40799250000000       0.902998750000000      -0.151041896513232     
   5.40799250000000        1.20333166666667      -0.147133556117501     
   5.40799250000000        1.50366458333333      -0.142967135530142     
   5.40799250000000        1.80399750000000      -0.138592633108550     
   5.40799250000000        2.10433041666667      -0.134197715550600     
   5.40799250000000        2.40466333333333      -0.129708431618059     
   5.40799250000000        2.70499625000000      -0.124936249281858     
   5.40799250000000        3.00532916666667      -0.119738057685350     
   5.40799250000000        3.30566208333333      -0.114097433070699     
   5.40799250000000        3.60599500000000      -0.108127144437497     
   5.40799250000000        3.90632791666667      -0.102018118665471     
   5.40799250000000        4.20666083333333      -9.596865400538501E-002
   5.40799250000000        4.50699375000000      -9.012978661981301E-002
   5.40799250000000        4.80732666666667      -8.458812940872094E-002
   5.40799250000000        5.10765958333333      -7.937759675579092E-002
   5.40799250000000        5.40799250000000      -7.449820178392486E-002
   5.40799250000000        5.70832541666667      -6.992785943760992E-002
   5.40799250000000        6.00865833333333      -6.562720495924082E-002
   5.40799250000000        6.30899125000000      -6.155691860877686E-002
   5.40799250000000        6.60932416666667      -5.770003334551459E-002
   5.40799250000000        6.90965708333333      -5.404426978420365E-002
   5.40799250000000        7.20999000000000      -5.059799145215055E-002
   5.70832541666667       2.000000000000000E-003 -0.145990988993694     
   5.70832541666667       0.302332916666667      -0.144796735169858     
   5.70832541666667       0.602665833333333      -0.141923405449441     
   5.70832541666667       0.902998750000000      -0.138566082546742     
   5.70832541666667        1.20333166666667      -0.135359392640999     
   5.70832541666667        1.50366458333333      -0.132282080181779     
   5.70832541666667        1.80399750000000      -0.129018838325564     
   5.70832541666667        2.10433041666667      -0.125501402102862     
   5.70832541666667        2.40466333333333      -0.121705679212384     
   5.70832541666667        2.70499625000000      -0.117508259568002     
   5.70832541666667        3.00532916666667      -0.112819880083484     
   5.70832541666667        3.30566208333333      -0.107643736934484     
   5.70832541666667        3.60599500000000      -0.102088294685642     
   5.70832541666667        3.90632791666667      -9.635386073917916E-002
   5.70832541666667        4.20666083333333      -9.067269493863507E-002
   5.70832541666667        4.50699375000000      -8.522860916996586E-002
   5.70832541666667        4.80732666666667      -8.012381063771615E-002
   5.70832541666667        5.10765958333333      -7.538826193864112E-002
   5.70832541666667        5.40799250000000      -7.099700226874624E-002
   5.70832541666667        5.70832541666667      -6.688907134392161E-002
   5.70832541666667        6.00865833333333      -6.299450218904271E-002
   5.70832541666667        6.30899125000000      -5.927193467014702E-002
   5.70832541666667        6.60932416666667      -5.569296029043866E-002
   5.70832541666667        6.90965708333333      -5.224776178739983E-002
   5.70832541666667        7.20999000000000      -4.897186371674239E-002
   6.00865833333333       2.000000000000000E-003 -0.140794659116360     
   6.00865833333333       0.302332916666667      -0.138668464537333     
   6.00865833333333       0.602665833333333      -0.134185166449362     
   6.00865833333333       0.902998750000000      -0.129933552702999     
   6.00865833333333        1.20333166666667      -0.126579172274265     
   6.00865833333333        1.50366458333333      -0.123725457494295     
   6.00865833333333        1.80399750000000      -0.120828128453445     
   6.00865833333333        2.10433041666667      -0.117585835187813     
   6.00865833333333        2.40466333333333      -0.114072929847528     
   6.00865833333333        2.70499625000000      -0.110218885229855     
   6.00865833333333        3.00532916666667      -0.105958823535888     
   6.00865833333333        3.30566208333333      -0.101248405282958     
   6.00865833333333        3.60599500000000      -9.610651887902963E-002
   6.00865833333333        3.90632791666667      -9.073643796734336E-002
   6.00865833333333        4.20666083333333      -8.543863269919579E-002
   6.00865833333333        4.50699375000000      -8.042127746820452E-002
   6.00865833333333        4.80732666666667      -7.576105696001478E-002
   6.00865833333333        5.10765958333333      -7.146883689000365E-002
   6.00865833333333        5.40799250000000      -6.750503423821629E-002
   6.00865833333333        5.70832541666667      -6.381145082333266E-002
   6.00865833333333        6.00865833333333      -6.030599747953673E-002
   6.00865833333333        6.30899125000000      -5.691742952769550E-002
   6.00865833333333        6.60932416666667      -5.359295111810052E-002
   6.00865833333333        6.90965708333333      -5.031248035854238E-002
   6.00865833333333        7.20999000000000      -4.716489663176052E-002
   6.30899125000000       2.000000000000000E-003 -0.139896606972447     
   6.30899125000000       0.302332916666667      -0.135558851110122     
   6.30899125000000       0.602665833333333      -0.128218322083174     
   6.30899125000000       0.902998750000000      -0.122834268066354     
   6.30899125000000        1.20333166666667      -0.119118686546647     
   6.30899125000000        1.50366458333333      -0.116076551278856     
   6.30899125000000        1.80399750000000      -0.113107895325871     
   6.30899125000000        2.10433041666667      -0.109893539276146     
   6.30899125000000        2.40466333333333      -0.106498573546558     
   6.30899125000000        2.70499625000000      -0.102961501910266     
   6.30899125000000        3.00532916666667      -9.917511093689262E-002
   6.30899125000000        3.30566208333333      -9.495874376993431E-002
   6.30899125000000        3.60599500000000      -9.026064012292510E-002
   6.30899125000000        3.90632791666667      -8.529314109557246E-002
   6.30899125000000        4.20666083333333      -8.040875423290390E-002
   6.30899125000000        4.50699375000000      -7.583651010757222E-002
   6.30899125000000        4.80732666666667      -7.160687819091173E-002
   6.30899125000000        5.10765958333333      -6.767442270907600E-002
   6.30899125000000        5.40799250000000      -6.405128279332245E-002
   6.30899125000000        5.70832541666667      -6.071792009504868E-002
   6.30899125000000        6.00865833333333      -5.755329404112764E-002
   6.30899125000000        6.30899125000000      -5.444177342688077E-002
   6.30899125000000        6.60932416666667      -5.129782789393119E-002
   6.30899125000000        6.90965708333333      -4.808403842944784E-002
   6.30899125000000        7.20999000000000      -4.498162015608317E-002
   6.60932416666667       2.000000000000000E-003 -0.139110228397248     
   6.60932416666667       0.302332916666667      -0.130438152106942     
   6.60932416666667       0.602665833333333      -0.120901475098101     
   6.60932416666667       0.902998750000000      -0.115868109572828     
   6.60932416666667        1.20333166666667      -0.112096029158498     
   6.60932416666667        1.50366458333333      -0.108693595237028     
   6.60932416666667        1.80399750000000      -0.105441371996886     
   6.60932416666667        2.10433041666667      -0.102185626264320     
   6.60932416666667        2.40466333333333      -9.893971180809005E-002
   6.60932416666667        2.70499625000000      -9.571871480807369E-002
   6.60932416666667        3.00532916666667      -9.239324289620855E-002
   6.60932416666667        3.30566208333333      -8.885164182386303E-002
   6.60932416666667        3.60599500000000      -8.478508028525841E-002
   6.60932416666667        3.90632791666667      -8.030494032311292E-002
   6.60932416666667        4.20666083333333      -7.588931094977092E-002
   6.60932416666667        4.50699375000000      -7.165186717413685E-002
   6.60932416666667        4.80732666666667      -6.773621635012771E-002
   6.60932416666667        5.10765958333333      -6.404683749582994E-002
   6.60932416666667        5.40799250000000      -6.069331445338919E-002
   6.60932416666667        5.70832541666667      -5.765423968021521E-002
   6.60932416666667        6.00865833333333      -5.477368708958183E-002
   6.60932416666667        6.30899125000000      -5.185917319484600E-002
   6.60932416666667        6.60932416666667      -4.878204373503423E-002
   6.60932416666667        6.90965708333333      -4.559647904106757E-002
   6.60932416666667        7.20999000000000      -4.251068241677006E-002
   6.90965708333333       2.000000000000000E-003 -0.131386307096793     
   6.90965708333333       0.302332916666667      -0.120045403411848     
   6.90965708333333       0.602665833333333      -0.113685708326739     
   6.90965708333333       0.902998750000000      -0.109673955927670     
   6.90965708333333        1.20333166666667      -0.105436082933659     
   6.90965708333333        1.50366458333333      -0.101485422515134     
   6.90965708333333        1.80399750000000      -9.792078717205643E-002
   6.90965708333333        2.10433041666667      -9.463372443830835E-002
   6.90965708333333        2.40466333333333      -9.157722218738282E-002
   6.90965708333333        2.70499625000000      -8.859182252863185E-002
   6.90965708333333        3.00532916666667      -8.577347737420780E-002
   6.90965708333333        3.30566208333333      -8.328804424805533E-002
   6.90965708333333        3.60599500000000      -8.030233813511453E-002
   6.90965708333333        3.90632791666667      -7.623318151109128E-002
   6.90965708333333        4.20666083333333      -7.223169030576088E-002
   6.90965708333333        4.50699375000000      -6.810118729349157E-002
   6.90965708333333        4.80732666666667      -6.418995872663848E-002
   6.90965708333333        5.10765958333333      -6.062510168398572E-002
   6.90965708333333        5.40799250000000      -5.745835823017179E-002
   6.90965708333333        5.70832541666667      -5.466751473707052E-002
   6.90965708333333        6.00865833333333      -5.206006003040704E-002
   6.90965708333333        6.30899125000000      -4.936073026501242E-002
   6.90965708333333        6.60932416666667      -4.635341847148742E-002
   6.90965708333333        6.90965708333333      -4.352486636758802E-002
   6.90965708333333        7.20999000000000      -4.110506481901292E-002
   7.20999000000000       2.000000000000000E-003 -0.117155488345522     
   7.20999000000000       0.302332916666667      -0.115772701893300     
   7.20999000000000       0.602665833333333      -0.110085579325844     
   7.20999000000000       0.902998750000000      -0.103971654631164     
   7.20999000000000        1.20333166666667      -9.872451467827320E-002
   7.20999000000000        1.50366458333333      -9.441045971739759E-002
   7.20999000000000        1.80399750000000      -9.076832880616678E-002
   7.20999000000000        2.10433041666667      -8.757964646362089E-002
   7.20999000000000        2.40466333333333      -8.471605256098118E-002
   7.20999000000000        2.70499625000000      -8.196764367247687E-002
   7.20999000000000        3.00532916666667      -7.959292394657617E-002
   7.20999000000000        3.30566208333333      -7.801262363026598E-002
   7.20999000000000        3.60599500000000      -7.645825790266943E-002
   7.20999000000000        3.90632791666667      -7.300961452856788E-002
   7.20999000000000        4.20666083333333      -6.929947498087323E-002
   7.20999000000000        4.50699375000000      -6.497596012950831E-002
   7.20999000000000        4.80732666666667      -6.090507222777742E-002
   7.20999000000000        5.10765958333333      -5.735428109645530E-002
   7.20999000000000        5.40799250000000      -5.433805603546609E-002
   7.20999000000000        5.70832541666667      -5.176381282153418E-002
   7.20999000000000        6.00865833333333      -4.945261414247557E-002
   7.20999000000000        6.30899125000000      -4.715633226245428E-002
   7.20999000000000        6.60932416666667      -4.469801627390720E-002
   7.20999000000000        6.90965708333333      -4.249893524537510E-002
   7.20999000000000        7.20999000000000      -4.011506228161354E-002
