  2.000000000000000E-003  2.000000000000000E-003 -0.331780212393735     
  2.000000000000000E-003  0.302332916666667      -0.345227251865629     
  2.000000000000000E-003  0.602665833333333      -0.349702384987859     
  2.000000000000000E-003  0.902998750000000      -0.345847463866425     
  2.000000000000000E-003   1.20333166666667      -0.340935757128933     
  2.000000000000000E-003   1.50366458333333      -0.334974773173506     
  2.000000000000000E-003   1.80399750000000      -0.327209353681265     
  2.000000000000000E-003   2.10433041666667      -0.317860052833947     
  2.000000000000000E-003   2.40466333333333      -0.307785164026418     
  2.000000000000000E-003   2.70499625000000      -0.296795318783870     
  2.000000000000000E-003   3.00532916666667      -0.285305258019192     
  2.000000000000000E-003   3.30566208333333      -0.276280826434824     
  2.000000000000000E-003   3.60599500000000      -0.262873744523129     
  2.000000000000000E-003   3.90632791666667      -0.243449910265573     
  2.000000000000000E-003   4.20666083333333      -0.220451399052676     
  2.000000000000000E-003   4.50699375000000      -0.193452712892869     
  2.000000000000000E-003   4.80732666666667      -0.169759617354462     
  2.000000000000000E-003   5.10765958333333      -0.151424642097400     
  2.000000000000000E-003   5.40799250000000      -0.138574345543982     
  2.000000000000000E-003   5.70832541666667      -0.130460960864649     
  2.000000000000000E-003   6.00865833333333      -0.126160715957787     
  2.000000000000000E-003   6.30899125000000      -0.124354158249556     
  2.000000000000000E-003   6.60932416666667      -0.122740426787413     
  2.000000000000000E-003   6.90965708333333      -0.116932617945669     
  2.000000000000000E-003   7.20999000000000      -0.107308599810060     
  0.302332916666667       2.000000000000000E-003 -0.345222720475615     
  0.302332916666667       0.302332916666667      -0.327506897800977     
  0.302332916666667       0.602665833333333      -0.349314019295703     
  0.302332916666667       0.902998750000000      -0.369916254508144     
  0.302332916666667        1.20333166666667      -0.376696125611390     
  0.302332916666667        1.50366458333333      -0.374784197746833     
  0.302332916666667        1.80399750000000      -0.367496852356284     
  0.302332916666667        2.10433041666667      -0.356360363556767     
  0.302332916666667        2.40466333333333      -0.343818955598437     
  0.302332916666667        2.70499625000000      -0.329268563212823     
  0.302332916666667        3.00532916666667      -0.309827453787548     
  0.302332916666667        3.30566208333333      -0.289891544972801     
  0.302332916666667        3.60599500000000      -0.273972163010701     
  0.302332916666667        3.90632791666667      -0.254750386425886     
  0.302332916666667        4.20666083333333      -0.229602371927533     
  0.302332916666667        4.50699375000000      -0.202323538970659     
  0.302332916666667        4.80732666666667      -0.178295734805418     
  0.302332916666667        5.10765958333333      -0.159289134057599     
  0.302332916666667        5.40799250000000      -0.145323950392420     
  0.302332916666667        5.70832541666667      -0.135726187708924     
  0.302332916666667        6.00865833333333      -0.129389775562218     
  0.302332916666667        6.30899125000000      -0.124683134270128     
  0.302332916666667        6.60932416666667      -0.119086152693207     
  0.302332916666667        6.90965708333333      -0.112353986192609     
  0.302332916666667        7.20999000000000      -0.109417653380040     
  0.602665833333333       2.000000000000000E-003 -0.349696145052543     
  0.602665833333333       0.302332916666667      -0.349310905166565     
  0.602665833333333       0.602665833333333      -0.367588953777639     
  0.602665833333333       0.902998750000000      -0.394375325346091     
  0.602665833333333        1.20333166666667      -0.409223558264066     
  0.602665833333333        1.50366458333333      -0.411943253929956     
  0.602665833333333        1.80399750000000      -0.405851443691660     
  0.602665833333333        2.10433041666667      -0.393562222422448     
  0.602665833333333        2.40466333333333      -0.378471309514548     
  0.602665833333333        2.70499625000000      -0.362258270356737     
  0.602665833333333        3.00532916666667      -0.338473834037625     
  0.602665833333333        3.30566208333333      -0.310228447849106     
  0.602665833333333        3.60599500000000      -0.283415499514963     
  0.602665833333333        3.90632791666667      -0.258428680706439     
  0.602665833333333        4.20666083333333      -0.232319412191695     
  0.602665833333333        4.50699375000000      -0.206445139432238     
  0.602665833333333        4.80732666666667      -0.183868664955821     
  0.602665833333333        5.10765958333333      -0.165279830754043     
  0.602665833333333        5.40799250000000      -0.150721384078942     
  0.602665833333333        5.70832541666667      -0.139781196076573     
  0.602665833333333        6.00865833333333      -0.131413355821890     
  0.602665833333333        6.30899125000000      -0.124282747961323     
  0.602665833333333        6.60932416666667      -0.117473771321092     
  0.602665833333333        6.90965708333333      -0.112539104168405     
  0.602665833333333        7.20999000000000      -0.107837783138090     
  0.902998750000000       2.000000000000000E-003 -0.345843475256377     
  0.902998750000000       0.302332916666667      -0.369913939194129     
  0.902998750000000       0.602665833333333      -0.394374856067902     
  0.902998750000000       0.902998750000000      -0.420071352358421     
  0.902998750000000        1.20333166666667      -0.437346032612416     
  0.902998750000000        1.50366458333333      -0.443003043703513     
  0.902998750000000        1.80399750000000      -0.438080535443012     
  0.902998750000000        2.10433041666667      -0.424691350022860     
  0.902998750000000        2.40466333333333      -0.408900800372226     
  0.902998750000000        2.70499625000000      -0.389814465728333     
  0.902998750000000        3.00532916666667      -0.364057960692135     
  0.902998750000000        3.30566208333333      -0.331528130355890     
  0.902998750000000        3.60599500000000      -0.297344201971877     
  0.902998750000000        3.90632791666667      -0.265168120444670     
  0.902998750000000        4.20666083333333      -0.235832380832208     
  0.902998750000000        4.50699375000000      -0.209964753127278     
  0.902998750000000        4.80732666666667      -0.188185289556747     
  0.902998750000000        5.10765958333333      -0.169995676542291     
  0.902998750000000        5.40799250000000      -0.155027887379592     
  0.902998750000000        5.70832541666667      -0.143123718862496     
  0.902998750000000        6.00865833333333      -0.133420761679075     
  0.902998750000000        6.30899125000000      -0.125125409766362     
  0.902998750000000        6.60932416666667      -0.117963713248004     
  0.902998750000000        6.90965708333333      -0.111929567230983     
  0.902998750000000        7.20999000000000      -0.104953975794436     
   1.20333166666667       2.000000000000000E-003 -0.340932927799310     
   1.20333166666667       0.302332916666667      -0.376695183745309     
   1.20333166666667       0.602665833333333      -0.409224232472559     
   1.20333166666667       0.902998750000000      -0.437347066951703     
   1.20333166666667        1.20333166666667      -0.456495146827298     
   1.20333166666667        1.50366458333333      -0.464055909575364     
   1.20333166666667        1.80399750000000      -0.459736909632458     
   1.20333166666667        2.10433041666667      -0.447707667705990     
   1.20333166666667        2.40466333333333      -0.432155190562778     
   1.20333166666667        2.70499625000000      -0.409766930434352     
   1.20333166666667        3.00532916666667      -0.380230097016545     
   1.20333166666667        3.30566208333333      -0.345339062999433     
   1.20333166666667        3.60599500000000      -0.307997092933853     
   1.20333166666667        3.90632791666667      -0.272165505301708     
   1.20333166666667        4.20666083333333      -0.240509954407247     
   1.20333166666667        4.50699375000000      -0.213934788863813     
   1.20333166666667        4.80732666666667      -0.191960238557700     
   1.20333166666667        5.10765958333333      -0.173725328908340     
   1.20333166666667        5.40799250000000      -0.158495264405414     
   1.20333166666667        5.70832541666667      -0.145908231221181     
   1.20333166666667        6.00865833333333      -0.135316233002764     
   1.20333166666667        6.30899125000000      -0.126136297215445     
   1.20333166666667        6.60932416666667      -0.118033594701201     
   1.20333166666667        6.90965708333333      -0.110516607693993     
   1.20333166666667        7.20999000000000      -0.102522069125767     
   1.50366458333333       2.000000000000000E-003 -0.334973151369040     
   1.50366458333333       0.302332916666667      -0.374785013900394     
   1.50366458333333       0.602665833333333      -0.411945779140439     
   1.50366458333333       0.902998750000000      -0.443005714352208     
   1.50366458333333        1.20333166666667      -0.464057279230340     
   1.50366458333333        1.50366458333333      -0.472488328912593     
   1.50366458333333        1.80399750000000      -0.469529968491164     
   1.50366458333333        2.10433041666667      -0.461113516843208     
   1.50366458333333        2.40466333333333      -0.445342462432743     
   1.50366458333333        2.70499625000000      -0.420759334626020     
   1.50366458333333        3.00532916666667      -0.388445674470288     
   1.50366458333333        3.30566208333333      -0.351281741876052     
   1.50366458333333        3.60599500000000      -0.312859288818864     
   1.50366458333333        3.90632791666667      -0.276502279272537     
   1.50366458333333        4.20666083333333      -0.244427753316508     
   1.50366458333333        4.50699375000000      -0.217393620319333     
   1.50366458333333        4.80732666666667      -0.195056742459377     
   1.50366458333333        5.10765958333333      -0.176587966099223     
   1.50366458333333        5.40799250000000      -0.161141074679139     
   1.50366458333333        5.70832541666667      -0.148066733511593     
   1.50366458333333        6.00865833333333      -0.136796765636899     
   1.50366458333333        6.30899125000000      -0.126795872083464     
   1.50366458333333        6.60932416666667      -0.117711884864927     
   1.50366458333333        6.90965708333333      -0.109170573662807     
   1.50366458333333        7.20999000000000      -0.100731882508380     
   1.80399750000000       2.000000000000000E-003 -0.327210788697221     
   1.80399750000000       0.302332916666667      -0.367500581761075     
   1.80399750000000       0.602665833333333      -0.405856159040428     
   1.80399750000000       0.902998750000000      -0.438084328401512     
   1.80399750000000        1.20333166666667      -0.459738373576295     
   1.80399750000000        1.50366458333333      -0.469529449616197     
   1.80399750000000        1.80399750000000      -0.471065211620931     
   1.80399750000000        2.10433041666667      -0.463757568576081     
   1.80399750000000        2.40466333333333      -0.446713325235882     
   1.80399750000000        2.70499625000000      -0.420524194687960     
   1.80399750000000        3.00532916666667      -0.387369587847101     
   1.80399750000000        3.30566208333333      -0.350394543185453     
   1.80399750000000        3.60599500000000      -0.312881240222425     
   1.80399750000000        3.90632791666667      -0.277553278863403     
   1.80399750000000        4.20666083333333      -0.246153086062851     
   1.80399750000000        4.50699375000000      -0.219361943353157     
   1.80399750000000        4.80732666666667      -0.197018226642091     
   1.80399750000000        5.10765958333333      -0.178466165911755     
   1.80399750000000        5.40799250000000      -0.162883417452204     
   1.80399750000000        5.70832541666667      -0.149507391899091     
   1.80399750000000        6.00865833333333      -0.137727960047556     
   1.80399750000000        6.30899125000000      -0.127066767903552     
   1.80399750000000        6.60932416666667      -0.117240236762113     
   1.80399750000000        6.90965708333333      -0.108073082261587     
   1.80399750000000        7.20999000000000      -9.941692831265939E-002
   2.10433041666667       2.000000000000000E-003 -0.317867521795863     
   2.10433041666667       0.302332916666667      -0.356368860433114     
   2.10433041666667       0.602665833333333      -0.393569450937633     
   2.10433041666667       0.902998750000000      -0.424695074235726     
   2.10433041666667        1.20333166666667      -0.447706882971183     
   2.10433041666667        1.50366458333333      -0.461109333519495     
   2.10433041666667        1.80399750000000      -0.463753271275299     
   2.10433041666667        2.10433041666667      -0.455234355976062     
   2.10433041666667        2.40466333333333      -0.436388101200912     
   2.10433041666667        2.70499625000000      -0.409309551258663     
   2.10433041666667        3.00532916666667      -0.376851323982943     
   2.10433041666667        3.30566208333333      -0.341954660155696     
   2.10433041666667        3.60599500000000      -0.307162356681886     
   2.10433041666667        3.90632791666667      -0.274388157004671     
   2.10433041666667        4.20666083333333      -0.244863274289820     
   2.10433041666667        4.50699375000000      -0.219190299230802     
   2.10433041666667        4.80732666666667      -0.197419555895004     
   2.10433041666667        5.10765958333333      -0.179141714129252     
   2.10433041666667        5.40799250000000      -0.163652174926872     
   2.10433041666667        5.70832541666667      -0.150176951959309     
   2.10433041666667        6.00865833333333      -0.138080715267282     
   2.10433041666667        6.30899125000000      -0.126970713219528     
   2.10433041666667        6.60932416666667      -0.116675725206464     
   2.10433041666667        6.90965708333333      -0.107169420264534     
   2.10433041666667        7.20999000000000      -9.843063115707242E-002
   2.40466333333333       2.000000000000000E-003 -0.307802675404856     
   2.40466333333333       0.302332916666667      -0.343835008244994     
   2.40466333333333       0.602665833333333      -0.378481930830923     
   2.40466333333333       0.902998750000000      -0.408903591302738     
   2.40466333333333        1.20333166666667      -0.432149989490135     
   2.40466333333333        1.50366458333333      -0.445331640084023     
   2.40466333333333        1.80399750000000      -0.446701330256615     
   2.40466333333333        2.10433041666667      -0.436380116279022     
   2.40466333333333        2.40466333333333      -0.416307677996967     
   2.40466333333333        2.70499625000000      -0.389507086058165     
   2.40466333333333        3.00532916666667      -0.359097819840092     
   2.40466333333333        3.30566208333333      -0.327575312077413     
   2.40466333333333        3.60599500000000      -0.296637743370064     
   2.40466333333333        3.90632791666667      -0.267383973798642     
   2.40466333333333        4.20666083333333      -0.240561399075826     
   2.40466333333333        4.50699375000000      -0.216700350325794     
   2.40466333333333        4.80732666666667      -0.196049135991578     
   2.40466333333333        5.10765958333333      -0.178442723774066     
   2.40466333333333        5.40799250000000      -0.163326988027577     
   2.40466333333333        5.70832541666667      -0.149979614800475     
   2.40466333333333        6.00865833333333      -0.137798210577338     
   2.40466333333333        6.30899125000000      -0.126473803496557     
   2.40466333333333        6.60932416666667      -0.115961563882187     
   2.40466333333333        6.90965708333333      -0.106333692160058     
   2.40466333333333        7.20999000000000      -9.766072306926450E-002
   2.70499625000000       2.000000000000000E-003 -0.296825260600720     
   2.70499625000000       0.302332916666667      -0.329294841177725     
   2.70499625000000       0.602665833333333      -0.362274451199594     
   2.70499625000000       0.902998750000000      -0.389816797519959     
   2.70499625000000        1.20333166666667      -0.409756383266665     
   2.70499625000000        1.50366458333333      -0.420740523266351     
   2.70499625000000        1.80399750000000      -0.420503171846601     
   2.70499625000000        2.10433041666667      -0.409292366583092     
   2.70499625000000        2.40466333333333      -0.389497969061111     
   2.70499625000000        2.70499625000000      -0.364461630068875     
   2.70499625000000        3.00532916666667      -0.337216014549495     
   2.70499625000000        3.30566208333333      -0.309754147656178     
   2.70499625000000        3.60599500000000      -0.283058505650183     
   2.70499625000000        3.90632791666667      -0.257594921394797     
   2.70499625000000        4.20666083333333      -0.233770003272785     
   2.70499625000000        4.50699375000000      -0.212080275753397     
   2.70499625000000        4.80732666666667      -0.192920206674979     
   2.70499625000000        5.10765958333333      -0.176305157102241     
   2.70499625000000        5.40799250000000      -0.161812101158908     
   2.70499625000000        5.70832541666667      -0.148800864804009     
   2.70499625000000        6.00865833333333      -0.136751178831024     
   2.70499625000000        6.30899125000000      -0.125459344078689     
   2.70499625000000        6.60932416666667      -0.114953745347763     
   2.70499625000000        6.90965708333333      -0.105450996733637     
   2.70499625000000        7.20999000000000      -9.708647722514879E-002
   3.00532916666667       2.000000000000000E-003 -0.285344828678597     
   3.00532916666667       0.302332916666667      -0.309862591521028     
   3.00532916666667       0.602665833333333      -0.338495239276835     
   3.00532916666667       0.902998750000000      -0.364060591737011     
   3.00532916666667        1.20333166666667      -0.380214821378201     
   3.00532916666667        1.50366458333333      -0.388419814174702     
   3.00532916666667        1.80399750000000      -0.387341050038064     
   3.00532916666667        2.10433041666667      -0.376826851933389     
   3.00532916666667        2.40466333333333      -0.359081686650220     
   3.00532916666667        2.70499625000000      -0.337209069830443     
   3.00532916666667        3.00532916666667      -0.313882702862247     
   3.00532916666667        3.30566208333333      -0.290647878639442     
   3.00532916666667        3.60599500000000      -0.268013601205399     
   3.00532916666667        3.90632791666667      -0.246084464368482     
   3.00532916666667        4.20666083333333      -0.225130737229278     
   3.00532916666667        4.50699375000000      -0.205672747173033     
   3.00532916666667        4.80732666666667      -0.188181341801453     
   3.00532916666667        5.10765958333333      -0.172757663259677     
   3.00532916666667        5.40799250000000      -0.159063233161165     
   3.00532916666667        5.70832541666667      -0.146552631945144     
   3.00532916666667        6.00865833333333      -0.134831979064920     
   3.00532916666667        6.30899125000000      -0.123804771476023     
   3.00532916666667        6.60932416666667      -0.113547002071478     
   3.00532916666667        6.90965708333333      -0.104471524561957     
   3.00532916666667        7.20999000000000      -9.672371868884858E-002
   3.30566208333333       2.000000000000000E-003 -0.276315143355449     
   3.30566208333333       0.302332916666667      -0.289924867437533     
   3.30566208333333       0.602665833333333      -0.310248295825647     
   3.30566208333333       0.902998750000000      -0.331527854434797     
   3.30566208333333        1.20333166666667      -0.345319906328825     
   3.30566208333333        1.50366458333333      -0.351251522950953     
   3.30566208333333        1.80399750000000      -0.350362267959670     
   3.30566208333333        2.10433041666667      -0.341927119219644     
   3.30566208333333        2.40466333333333      -0.327556396329400     
   3.30566208333333        2.70499625000000      -0.309744295719714     
   3.30566208333333        3.00532916666667      -0.290644719181801     
   3.30566208333333        3.30566208333333      -0.271439874691265     
   3.30566208333333        3.60599500000000      -0.252403088143616     
   3.30566208333333        3.90632791666667      -0.233532110731995     
   3.30566208333333        4.20666083333333      -0.215142656491013     
   3.30566208333333        4.50699375000000      -0.197818206716094     
   3.30566208333333        4.80732666666667      -0.182036100771324     
   3.30566208333333        5.10765958333333      -0.167894473125877     
   3.30566208333333        5.40799250000000      -0.155093598378037     
   3.30566208333333        5.70832541666667      -0.143190316434740     
   3.30566208333333        6.00865833333333      -0.131948058530339     
   3.30566208333333        6.30899125000000      -0.121346549454940     
   3.30566208333333        6.60932416666667      -0.111557312473527     
   3.30566208333333        6.90965708333333      -0.103254717458042     
   3.30566208333333        7.20999000000000      -9.632979482654599E-002
   3.60599500000000       2.000000000000000E-003 -0.262889345520955     
   3.60599500000000       0.302332916666667      -0.273989707004471     
   3.60599500000000       0.602665833333333      -0.283422632808605     
   3.60599500000000       0.902998750000000      -0.297335634749480     
   3.60599500000000        1.20333166666667      -0.307973937195855     
   3.60599500000000        1.50366458333333      -0.312828096763500     
   3.60599500000000        1.80399750000000      -0.312849772254240     
   3.60599500000000        2.10433041666667      -0.307136476344829     
   3.60599500000000        2.40466333333333      -0.296620469650784     
   3.60599500000000        2.70499625000000      -0.283049672237719     
   3.60599500000000        3.00532916666667      -0.268010689183718     
   3.60599500000000        3.30566208333333      -0.252402847749627     
   3.60599500000000        3.60599500000000      -0.236448097865183     
   3.60599500000000        3.90632791666667      -0.220216465075006     
   3.60599500000000        4.20666083333333      -0.204139588728323     
   3.60599500000000        4.50699375000000      -0.188837285531703     
   3.60599500000000        4.80732666666667      -0.174734901042898     
   3.60599500000000        5.10765958333333      -0.161879088411338     
   3.60599500000000        5.40799250000000      -0.149992384902954     
   3.60599500000000        5.70832541666667      -0.138743607812438     
   3.60599500000000        6.00865833333333      -0.128053661623716     
   3.60599500000000        6.30899125000000      -0.117994858667604     
   3.60599500000000        6.60932416666667      -0.108847786873827     
   3.60599500000000        6.90965708333333      -0.101486089911467     
   3.60599500000000        7.20999000000000      -9.561518669560280E-002
   3.90632791666667       2.000000000000000E-003 -0.243461618381995     
   3.90632791666667       0.302332916666667      -0.254752084425774     
   3.90632791666667       0.602665833333333      -0.258420545788107     
   3.90632791666667       0.902998750000000      -0.265150501089351     
   3.90632791666667        1.20333166666667      -0.272140112313025     
   3.90632791666667        1.50366458333333      -0.276473537910778     
   3.90632791666667        1.80399750000000      -0.277526372127667     
   3.90632791666667        2.10433041666667      -0.274367393118164     
   3.90632791666667        2.40466333333333      -0.267371218481083     
   3.90632791666667        2.70499625000000      -0.257589357440245     
   3.90632791666667        3.00532916666667      -0.246083507714361     
   3.90632791666667        3.30566208333333      -0.233532896904525     
   3.90632791666667        3.60599500000000      -0.220217102862485     
   3.90632791666667        3.90632791666667      -0.206365172116724     
   3.90632791666667        4.20666083333333      -0.192466757656266     
   3.90632791666667        4.50699375000000      -0.179094687391863     
   3.90632791666667        4.80732666666667      -0.166590435428727     
   3.90632791666667        5.10765958333333      -0.154952045302566     
   3.90632791666667        5.40799250000000      -0.143944203095135     
   3.90632791666667        5.70832541666667      -0.133358905746306     
   3.90632791666667        6.00865833333333      -0.123251474927811     
   3.90632791666667        6.30899125000000      -0.113820224975312     
   3.90632791666667        6.60932416666667      -0.105384731507584     
   3.90632791666667        6.90965708333333      -9.848842620856832E-002
   3.90632791666667        7.20999000000000      -9.258841200972805E-002
   4.20666083333333       2.000000000000000E-003 -0.220455021983379     
   4.20666083333333       0.302332916666667      -0.229596835532098     
   4.20666083333333       0.602665833333333      -0.232304999067370     
   4.20666083333333       0.902998750000000      -0.235812008458626     
   4.20666083333333        1.20333166666667      -0.240486770307826     
   4.20666083333333        1.50366458333333      -0.244404227956744     
   4.20666083333333        1.80399750000000      -0.246132704559461     
   4.20666083333333        2.10433041666667      -0.244848870543415     
   4.20666083333333        2.40466333333333      -0.240553757938484     
   4.20666083333333        2.70499625000000      -0.233767820253797     
   4.20666083333333        3.00532916666667      -0.225131557361288     
   4.20666083333333        3.30566208333333      -0.215144149227110     
   4.20666083333333        3.60599500000000      -0.204140465106048     
   4.20666083333333        3.90632791666667      -0.192466916071233     
   4.20666083333333        4.20666083333333      -0.180598691432335     
   4.20666083333333        4.50699375000000      -0.169006886095600     
   4.20666083333333        4.80732666666667      -0.157948063487510     
   4.20666083333333        5.10765958333333      -0.147405274711483     
   4.20666083333333        5.40799250000000      -0.137218239517954     
   4.20666083333333        5.70832541666667      -0.127305999709076     
   4.20666083333333        6.00865833333333      -0.117818596016123     
   4.20666083333333        6.30899125000000      -0.109048506823349     
   4.20666083333333        6.60932416666667      -0.101276056274847     
   4.20666083333333        6.90965708333333      -9.478498785699144E-002
   4.20666083333333        7.20999000000000      -8.914383578026820E-002
   4.50699375000000       2.000000000000000E-003 -0.193454706074266     
   4.50699375000000       0.302332916666667      -0.202319232483566     
   4.50699375000000       0.602665833333333      -0.206433584154561     
   4.50699375000000       0.902998750000000      -0.209948839848070     
   4.50699375000000        1.20333166666667      -0.213917104765321     
   4.50699375000000        1.50366458333333      -0.217376497480116     
   4.50699375000000        1.80399750000000      -0.219348100406923     
   4.50699375000000        2.10433041666667      -0.219181487211053     
   4.50699375000000        2.40466333333333      -0.216696599734434     
   4.50699375000000        2.70499625000000      -0.212080111757680     
   4.50699375000000        3.00532916666667      -0.205674089425183     
   4.50699375000000        3.30566208333333      -0.197819381209248     
   4.50699375000000        3.60599500000000      -0.188837606898046     
   4.50699375000000        3.90632791666667      -0.179094379865785     
   4.50699375000000        4.20666083333333      -0.169006538540356     
   4.50699375000000        4.50699375000000      -0.158946169883082     
   4.50699375000000        4.80732666666667      -0.149116262220012     
   4.50699375000000        5.10765958333333      -0.139527882695243     
   4.50699375000000        5.40799250000000      -0.130118579832468     
   4.50699375000000        5.70832541666667      -0.120918936063279     
   4.50699375000000        6.00865833333333      -0.112130554660560     
   4.50699375000000        6.30899125000000      -0.104033601558437     
   4.50699375000000        6.60932416666667      -9.681606930313075E-002
   4.50699375000000        6.90965708333333      -9.054983606283513E-002
   4.50699375000000        7.20999000000000      -8.488793251858388E-002
   4.80732666666667       2.000000000000000E-003 -0.169763021795535     
   4.80732666666667       0.302332916666667      -0.178295372426472     
   4.80732666666667       0.602665833333333      -0.183862991089493     
   4.80732666666667       0.902998750000000      -0.188175580181332     
   4.80732666666667        1.20333166666667      -0.191948597449505     
   4.80732666666667        1.50366458333333      -0.195045583775391     
   4.80732666666667        1.80399750000000      -0.197009643511920     
   4.80732666666667        2.10433041666667      -0.197414570281896     
   4.80732666666667        2.40466333333333      -0.196047417046478     
   4.80732666666667        2.70499625000000      -0.192920444649745     
   4.80732666666667        3.00532916666667      -0.188182023529581     
   4.80732666666667        3.30566208333333      -0.182036230836737     
   4.80732666666667        3.60599500000000      -0.174734295742158     
   4.80732666666667        3.90632791666667      -0.166589507319394     
   4.80732666666667        4.20666083333333      -0.157947333300246     
   4.80732666666667        4.50699375000000      -0.149115963973260     
   4.80732666666667        4.80732666666667      -0.140291378515812     
   4.80732666666667        5.10765958333333      -0.131547039681752     
   4.80732666666667        5.40799250000000      -0.122917577937207     
   4.80732666666667        5.70832541666667      -0.114504642734179     
   4.80732666666667        6.00865833333333      -0.106506507379663     
   4.80732666666667        6.30899125000000      -9.913428880008868E-002
   4.80732666666667        6.60932416666667      -9.247966874156470E-002
   4.80732666666667        6.90965708333333      -8.645964917524095E-002
   4.80732666666667        7.20999000000000      -8.087141614481751E-002
   5.10765958333333       2.000000000000000E-003 -0.151430106439890     
   5.10765958333333       0.302332916666667      -0.159292232328321     
   5.10765958333333       0.602665833333333      -0.165278998960945     
   5.10765958333333       0.902998750000000      -0.169991210815355     
   5.10765958333333        1.20333166666667      -0.173718909775409     
   5.10765958333333        1.50366458333333      -0.176581560404368     
   5.10765958333333        1.80399750000000      -0.178461275254585     
   5.10765958333333        2.10433041666667      -0.179138920180576     
   5.10765958333333        2.40466333333333      -0.178441660412187     
   5.10765958333333        2.70499625000000      -0.176304903726543     
   5.10765958333333        3.00532916666667      -0.172757325212332     
   5.10765958333333        3.30566208333333      -0.167893625322151     
   5.10765958333333        3.60599500000000      -0.161877863752881     
   5.10765958333333        3.90632791666667      -0.154950879225062     
   5.10765958333333        4.20666083333333      -0.147404528777504     
   5.10765958333333        4.50699375000000      -0.139527615884242     
   5.10765958333333        4.80732666666667      -0.131547042337915     
   5.10765958333333        5.10765958333333      -0.123607795136447     
   5.10765958333333        5.40799250000000      -0.115812441571287     
   5.10765958333333        5.70832541666667      -0.108276432295731     
   5.10765958333333        6.00865833333333      -0.101137423796084     
   5.10765958333333        6.30899125000000      -9.450341004367059E-002
   5.10765958333333        6.60932416666667      -8.839317507536430E-002
   5.10765958333333        6.90965708333333      -8.275325231218973E-002
   5.10765958333333        7.20999000000000      -7.741292421962492E-002
   5.40799250000000       2.000000000000000E-003 -0.138581087112317     
   5.40799250000000       0.302332916666667      -0.145329054789790     
   5.40799250000000       0.602665833333333      -0.150723668426139     
   5.40799250000000       0.902998750000000      -0.155027438262318     
   5.40799250000000        1.20333166666667      -0.158493006870529     
   5.40799250000000        1.50366458333333      -0.161138257410704     
   5.40799250000000        1.80399750000000      -0.162881077603648     
   5.40799250000000        2.10433041666667      -0.163650691858249     
   5.40799250000000        2.40466333333333      -0.163326156120167     
   5.40799250000000        2.70499625000000      -0.161811440885833     
   5.40799250000000        3.00532916666667      -0.159062354786202     
   5.40799250000000        3.30566208333333      -0.155092433370061     
   5.40799250000000        3.60599500000000      -0.149991181198322     
   5.40799250000000        3.90632791666667      -0.143943310301735     
   5.40799250000000        4.20666083333333      -0.137217846561900     
   5.40799250000000        4.50699375000000      -0.130118606879777     
   5.40799250000000        4.80732666666667      -0.122917779207733     
   5.40799250000000        5.10765958333333      -0.115812591905963     
   5.40799250000000        5.40799250000000      -0.108926986075616     
   5.40799250000000        5.70832541666667      -0.102337319256364     
   5.40799250000000        6.00865833333333      -9.608349862531290E-002
   5.40799250000000        6.30899125000000      -9.019194696262305E-002
   5.40799250000000        6.60932416666667      -8.468217314903853E-002
   5.40799250000000        6.90965708333333      -7.948593812999646E-002
   5.40799250000000        7.20999000000000      -7.449624067155151E-002
   5.70832541666667       2.000000000000000E-003 -0.130467131983732     
   5.70832541666667       0.302332916666667      -0.135731339935550     
   5.70832541666667       0.602665833333333      -0.139784701095558     
   5.70832541666667       0.902998750000000      -0.143125586515687     
   5.70832541666667        1.20333166666667      -0.145908869234383     
   5.70832541666667        1.50366458333333      -0.148066666168975     
   5.70832541666667        1.80399750000000      -0.149507036430398     
   5.70832541666667        2.10433041666667      -0.150176617472986     
   5.70832541666667        2.40466333333333      -0.149979325112204     
   5.70832541666667        2.70499625000000      -0.148800482913680     
   5.70832541666667        3.00532916666667      -0.146552028702064     
   5.70832541666667        3.30566208333333      -0.143189500149278     
   5.70832541666667        3.60599500000000      -0.138742791485941     
   5.70832541666667        3.90632791666667      -0.133358399674655     
   5.70832541666667        4.20666083333333      -0.127305950481128     
   5.70832541666667        4.50699375000000      -0.120919220673910     
   5.70832541666667        4.80732666666667      -0.114505021760163     
   5.70832541666667        5.10765958333333      -0.108276735019140     
   5.70832541666667        5.40799250000000      -0.102337487506341     
   5.70832541666667        5.70832541666667      -9.669776510559708E-002
   5.70832541666667        6.00865833333333      -9.131847409948605E-002
   5.70832541666667        6.30899125000000      -8.620395104260764E-002
   5.70832541666667        6.60932416666667      -8.134044653205365E-002
   5.70832541666667        6.90965708333333      -7.666426371119860E-002
   5.70832541666667        7.20999000000000      -7.207505284204718E-002
   6.00865833333333       2.000000000000000E-003 -0.126164759019496     
   6.00865833333333       0.302332916666667      -0.129393439262969     
   6.00865833333333       0.602665833333333      -0.131416585427444     
   6.00865833333333       0.902998750000000      -0.133423557870317     
   6.00865833333333        1.20333166666667      -0.135318547305193     
   6.00865833333333        1.50366458333333      -0.136798596177973     
   6.00865833333333        1.80399750000000      -0.137729321020421     
   6.00865833333333        2.10433041666667      -0.138081667935199     
   6.00865833333333        2.40466333333333      -0.137798995454919     
   6.00865833333333        2.70499625000000      -0.136751841373507     
   6.00865833333333        3.00532916666667      -0.134832322881817     
   6.00865833333333        3.30566208333333      -0.131947766278649     
   6.00865833333333        3.60599500000000      -0.128052827832886     
   6.00865833333333        3.90632791666667      -0.123250725200472     
   6.00865833333333        4.20666083333333      -0.117818420904309     
   6.00865833333333        4.50699375000000      -0.112130842886061     
   6.00865833333333        4.80732666666667      -0.106506964599943     
   6.00865833333333        5.10765958333333      -0.101137881371573     
   6.00865833333333        5.40799250000000      -9.608390238334359E-002
   6.00865833333333        5.70832541666667      -9.131873304100774E-002
   6.00865833333333        6.00865833333333      -8.678364588730597E-002
   6.00865833333333        6.30899125000000      -8.242952631002902E-002
   6.00865833333333        6.60932416666667      -7.822875566855571E-002
   6.00865833333333        6.90965708333333      -7.414171654596763E-002
   6.00865833333333        7.20999000000000      -7.002304004737128E-002
   6.30899125000000       2.000000000000000E-003 -0.124355707188717     
   6.30899125000000       0.302332916666667      -0.124684627263045     
   6.30899125000000       0.602665833333333      -0.124284845393488     
   6.30899125000000       0.902998750000000      -0.125128154255822     
   6.30899125000000        1.20333166666667      -0.126139244430728     
   6.30899125000000        1.50366458333333      -0.126798685591600     
   6.30899125000000        1.80399750000000      -0.127069329028621     
   6.30899125000000        2.10433041666667      -0.126972973882372     
   6.30899125000000        2.40466333333333      -0.126476033841796     
   6.30899125000000        2.70499625000000      -0.125461715902368     
   6.30899125000000        3.00532916666667      -0.123806708273976     
   6.30899125000000        3.30566208333333      -0.121347002070226     
   6.30899125000000        3.60599500000000      -0.117993663625182     
   6.30899125000000        3.90632791666667      -0.113818648302467     
   6.30899125000000        4.20666083333333      -0.109047771854150     
   6.30899125000000        4.50699375000000      -0.104033811819246     
   6.30899125000000        4.80732666666667      -9.913493311452171E-002
   6.30899125000000        5.10765958333333      -9.450420610325248E-002
   6.30899125000000        5.40799250000000      -9.019276767224380E-002
   6.30899125000000        5.70832541666667      -8.620463538908416E-002
   6.30899125000000        6.00865833333333      -8.242993562403726E-002
   6.30899125000000        6.30899125000000      -7.875422841556508E-002
   6.30899125000000        6.60932416666667      -7.513925289356571E-002
   6.30899125000000        6.90965708333333      -7.167307224692551E-002
   6.30899125000000        7.20999000000000      -6.815317716060142E-002
   6.60932416666667       2.000000000000000E-003 -0.122740685615959     
   6.60932416666667       0.302332916666667      -0.119085966450938     
   6.60932416666667       0.602665833333333      -0.117474753757158     
   6.60932416666667       0.902998750000000      -0.117965898735719     
   6.60932416666667        1.20333166666667      -0.118036311504918     
   6.60932416666667        1.50366458333333      -0.117714765015415     
   6.60932416666667        1.80399750000000      -0.117243250531394     
   6.60932416666667        2.10433041666667      -0.116678975119523     
   6.60932416666667        2.40466333333333      -0.115965308402151     
   6.60932416666667        2.70499625000000      -0.114958388434372     
   6.60932416666667        3.00532916666667      -0.113551521810257     
   6.60932416666667        3.30566208333333      -0.111559582521602     
   6.60932416666667        3.60599500000000      -0.108846817716083     
   6.60932416666667        3.90632791666667      -0.105382959513480     
   6.60932416666667        4.20666083333333      -0.101275638099296     
   6.60932416666667        4.50699375000000      -9.681691062122869E-002
   6.60932416666667        4.80732666666667      -9.248103280255517E-002
   6.60932416666667        5.10765958333333      -8.839472039952453E-002
   6.60932416666667        5.40799250000000      -8.468370555837985E-002
   6.60932416666667        5.70832541666667      -8.134177406200947E-002
   6.60932416666667        6.00865833333333      -7.822971949148454E-002
   6.60932416666667        6.30899125000000      -7.513973345479512E-002
   6.60932416666667        6.60932416666667      -7.191642770332647E-002
   6.60932416666667        6.90965708333333      -6.893056223711658E-002
   6.60932416666667        7.20999000000000      -6.626421651780406E-002
   6.90965708333333       2.000000000000000E-003 -0.116932755693305     
   6.90965708333333       0.302332916666667      -0.112353633793404     
   6.90965708333333       0.602665833333333      -0.112539934563347     
   6.90965708333333       0.902998750000000      -0.111931170328960     
   6.90965708333333        1.20333166666667      -0.110518546348802     
   6.90965708333333        1.50366458333333      -0.109172829041427     
   6.90965708333333        1.80399750000000      -0.108075864547116     
   6.90965708333333        2.10433041666667      -0.107173010599063     
   6.90965708333333        2.40466333333333      -0.106338551674840     
   6.90965708333333        2.70499625000000      -0.105457559741929     
   6.90965708333333        3.00532916666667      -0.104478823340126     
   6.90965708333333        3.30566208333333      -0.103259898994643     
   6.90965708333333        3.60599500000000      -0.101486838044765     
   6.90965708333333        3.90632791666667      -9.848870839104196E-002
   6.90965708333333        4.20666083333333      -9.478689301834993E-002
   6.90965708333333        4.50699375000000      -9.055262868137270E-002
   6.90965708333333        4.80732666666667      -8.646253574446816E-002
   6.90965708333333        5.10765958333333      -8.275600377009018E-002
   6.90965708333333        5.40799250000000      -7.948847362441552E-002
   6.90965708333333        5.70832541666667      -7.666639982991626E-002
   6.90965708333333        6.00865833333333      -7.414330004636810E-002
   6.90965708333333        6.30899125000000      -7.167400793133054E-002
   6.90965708333333        6.60932416666667      -6.893087799293678E-002
   6.90965708333333        6.90965708333333      -6.617591805549027E-002
   6.90965708333333        7.20999000000000      -6.432234191748523E-002
   7.20999000000000       2.000000000000000E-003 -0.107309422918125     
   7.20999000000000       0.302332916666667      -0.109418771962427     
   7.20999000000000       0.602665833333333      -0.107839457806426     
   7.20999000000000       0.902998750000000      -0.104955260152987     
   7.20999000000000        1.20333166666667      -0.102523203158976     
   7.20999000000000        1.50366458333333      -0.100733330205122     
   7.20999000000000        1.80399750000000      -9.941912812593058E-002
   7.20999000000000        2.10433041666667      -9.843396004195958E-002
   7.20999000000000        2.40466333333333      -9.766562509133225E-002
   7.20999000000000        2.70499625000000      -9.709313584435848E-002
   7.20999000000000        3.00532916666667      -9.673118350892897E-002
   7.20999000000000        3.30566208333333      -9.633557039280378E-002
   7.20999000000000        3.60599500000000      -9.561818021034144E-002
   7.20999000000000        3.90632791666667      -9.259302377492527E-002
   7.20999000000000        4.20666083333333      -8.914936616781990E-002
   7.20999000000000        4.50699375000000      -8.489335205107831E-002
   7.20999000000000        4.80732666666667      -8.087622739142121E-002
   7.20999000000000        5.10765958333333      -7.741712359058890E-002
   7.20999000000000        5.40799250000000      -7.449989556174932E-002
   7.20999000000000        5.70832541666667      -7.207802577687503E-002
   7.20999000000000        6.00865833333333      -7.002523120011950E-002
   7.20999000000000        6.30899125000000      -6.815461897034128E-002
   7.20999000000000        6.60932416666667      -6.626509453318866E-002
   7.20999000000000        6.90965708333333      -6.432282592255031E-002
   7.20999000000000        7.20999000000000      -6.158093933431798E-002
